#BRM00082571 1977 06 01 12 9999    4          usaf-ds3  -55000  -452670
31 -9999  -9999    82 -9999 -9999 -9999    90    10 
30 -9999  -9999   300 -9999 -9999 -9999    70    25 
30 -9999  -9999   600 -9999 -9999 -9999    60    56 
30 -9999  -9999   900 -9999 -9999 -9999    85    56 
#BRM00082571 1977 06 05 12 9999    2          usaf-ds3  -55000  -452670
31 -9999  -9999    82 -9999 -9999 -9999    50    10 
30 -9999  -9999   600 -9999 -9999 -9999    35    61 
#BRM00082571 1977 06 13 12 9999    8 usaf-ds3 usaf-ds3  -55000  -452670
10 -9999  85000 -9999 -9999 -9999 -9999    95   103 
10 -9999  70000 -9999 -9999 -9999 -9999   105   113 
31 -9999  -9999    82 -9999 -9999 -9999    90    10 
30 -9999  -9999   300 -9999 -9999 -9999    95    30 
30 -9999  -9999   600 -9999 -9999 -9999   100    77 
30 -9999  -9999   900 -9999 -9999 -9999   105   128 
30 -9999  -9999  2100 -9999 -9999 -9999   100   113 
30 -9999  -9999  2400 -9999 -9999 -9999   100    97 
#BRM00082571 1977 06 14 12 9999    8 usaf-ds3 usaf-ds3  -55000  -452670
10 -9999  85000 -9999 -9999 -9999 -9999   100   123 
10 -9999  70000 -9999 -9999 -9999 -9999    50    77 
31 -9999  -9999    82 -9999 -9999 -9999   140    10 
30 -9999  -9999   300 -9999 -9999 -9999   120    36 
30 -9999  -9999   600 -9999 -9999 -9999   110    97 
30 -9999  -9999   900 -9999 -9999 -9999   110   123 
30 -9999  -9999  2100 -9999 -9999 -9999    80    92 
30 -9999  -9999  2400 -9999 -9999 -9999    80    92 
#BRM00082571 1977 06 15 12 9999    9 usaf-ds3 usaf-ds3  -55000  -452670
10 -9999  85000 -9999 -9999 -9999 -9999   110    67 
10 -9999  70000 -9999 -9999 -9999 -9999    50    51 
10 -9999  50000 -9999 -9999 -9999 -9999   100   128 
31 -9999  -9999    82 -9999 -9999 -9999   230    10 
30 -9999  -9999   300 -9999 -9999 -9999   185    20 
30 -9999  -9999   600 -9999 -9999 -9999   110    51 
30 -9999  -9999   900 -9999 -9999 -9999    95   139 
30 -9999  -9999  2100 -9999 -9999 -9999   140    72 
30 -9999  -9999  2400 -9999 -9999 -9999   155    82 
#BRM00082571 1977 06 16 12 9999   12 usaf-ds3 usaf-ds3  -55000  -452670
10 -9999  85000 -9999 -9999 -9999 -9999   100    72 
10 -9999  70000 -9999 -9999 -9999 -9999   170    30 
10 -9999  50000 -9999 -9999 -9999 -9999    90   103 
10 -9999  40000 -9999 -9999 -9999 -9999   140    87 
31 -9999  -9999    82 -9999 -9999 -9999    50    10 
30 -9999  -9999   300 -9999 -9999 -9999    90    51 
30 -9999  -9999   600 -9999 -9999 -9999   105    82 
30 -9999  -9999   900 -9999 -9999 -9999   100    72 
30 -9999  -9999  2100 -9999 -9999 -9999   140    56 
30 -9999  -9999  2400 -9999 -9999 -9999   135    56 
30 -9999  -9999  6000 -9999 -9999 -9999    80   108 
30 -9999  -9999  8100 -9999 -9999 -9999   165    67 
#BRM00082571 1977 06 20 12 9999   11 usaf-ds3 usaf-ds3  -55000  -452670
10 -9999  85000 -9999 -9999 -9999 -9999    95    87 
10 -9999  70000 -9999 -9999 -9999 -9999    80    61 
10 -9999  50000 -9999 -9999 -9999 -9999    50    77 
31 -9999  -9999    82 -9999 -9999 -9999    50    10 
30 -9999  -9999   300 -9999 -9999 -9999    70    46 
30 -9999  -9999   600 -9999 -9999 -9999   105   108 
30 -9999  -9999   900 -9999 -9999 -9999   105   149 
30 -9999  -9999  2100 -9999 -9999 -9999   110    67 
30 -9999  -9999  2400 -9999 -9999 -9999   120    56 
30 -9999  -9999  6000 -9999 -9999 -9999   155    92 
30 -9999  -9999  8100 -9999 -9999 -9999    60    25 
#BRM00082571 1977 06 21 12 9999    4          usaf-ds3  -55000  -452670
31 -9999  -9999    82 -9999 -9999 -9999   140    10 
30 -9999  -9999   300 -9999 -9999 -9999   120    20 
30 -9999  -9999   600 -9999 -9999 -9999   120    41 
30 -9999  -9999   900 -9999 -9999 -9999   100    72 
#BRM00082571 1977 06 25 12 9999    9 usaf-ds3 usaf-ds3  -55000  -452670
10 -9999  85000 -9999 -9999 -9999 -9999   100   128 
10 -9999  70000 -9999 -9999 -9999 -9999   120   134 
31 -9999  -9999    82 -9999 -9999 -9999    50    10 
30 -9999  -9999   300 -9999 -9999 -9999    75    41 
30 -9999  -9999   600 -9999 -9999 -9999    85   113 
30 -9999  -9999   900 -9999 -9999 -9999    85   134 
30 -9999  -9999  2100 -9999 -9999 -9999   110    82 
30 -9999  -9999  2400 -9999 -9999 -9999   130    87 
30 -9999  -9999  4200 -9999 -9999 -9999    55    36 
#BRM00082571 1977 06 26 12 9999    8 usaf-ds3 usaf-ds3  -55000  -452670
10 -9999  85000 -9999 -9999 -9999 -9999    90    82 
10 -9999  70000 -9999 -9999 -9999 -9999    70    92 
31 -9999  -9999    82 -9999 -9999 -9999    50    10 
30 -9999  -9999   300 -9999 -9999 -9999    70    36 
30 -9999  -9999   600 -9999 -9999 -9999    80    77 
30 -9999  -9999   900 -9999 -9999 -9999    80    92 
30 -9999  -9999  2100 -9999 -9999 -9999    80    82 
30 -9999  -9999  2400 -9999 -9999 -9999    60    77 
#BRM00082571 1977 06 27 12 9999    9 usaf-ds3 usaf-ds3  -55000  -452670
10 -9999  85000 -9999 -9999 -9999 -9999   105   128 
10 -9999  70000 -9999 -9999 -9999 -9999    75    41 
31 -9999  -9999    82 -9999 -9999 -9999    50    30 
30 -9999  -9999   300 -9999 -9999 -9999    70    46 
30 -9999  -9999   600 -9999 -9999 -9999   110    72 
30 -9999  -9999   900 -9999 -9999 -9999   105   108 
30 -9999  -9999  2100 -9999 -9999 -9999   105    97 
30 -9999  -9999  2400 -9999 -9999 -9999    95    51 
30 -9999  -9999  4200 -9999 -9999 -9999   120    41 
#BRM00082571 1977 06 28 12 9999    4          usaf-ds3  -55000  -452670
31 -9999  -9999    82 -9999 -9999 -9999    90    30 
30 -9999  -9999   300 -9999 -9999 -9999   100    51 
30 -9999  -9999   600 -9999 -9999 -9999   105    72 
30 -9999  -9999  6000 -9999 -9999 -9999   115     5 
#BRM00082571 1977 06 29 12 9999   10 usaf-ds3 usaf-ds3  -55000  -452670
10 -9999  85000 -9999 -9999 -9999 -9999    90   108 
10 -9999  70000 -9999 -9999 -9999 -9999   100    67 
10 -9999  50000 -9999 -9999 -9999 -9999   125    30 
10 -9999  40000 -9999 -9999 -9999 -9999    70    87 
31 -9999  -9999    82 -9999 -9999 -9999   230    10 
30 -9999  -9999   300 -9999 -9999 -9999   150    51 
30 -9999  -9999   600 -9999 -9999 -9999   115    77 
30 -9999  -9999   900 -9999 -9999 -9999   115   180 
30 -9999  -9999  2100 -9999 -9999 -9999    85    77 
30 -9999  -9999  2400 -9999 -9999 -9999    95    77 
#BRM00082571 1977 06 30 12 9999   14 usaf-ds3 usaf-ds3  -55000  -452670
10 -9999  85000 -9999 -9999 -9999 -9999   100   108 
10 -9999  70000 -9999 -9999 -9999 -9999    70    77 
10 -9999  50000 -9999 -9999 -9999 -9999   255    20 
10 -9999  40000 -9999 -9999 -9999 -9999   270    72 
10 -9999  30000 -9999 -9999 -9999 -9999   265    92 
10 -9999  25000 -9999 -9999 -9999 -9999   290   206 
31 -9999  -9999    82 -9999 -9999 -9999   140    30 
30 -9999  -9999   300 -9999 -9999 -9999   130    61 
30 -9999  -9999   600 -9999 -9999 -9999   115    77 
30 -9999  -9999   900 -9999 -9999 -9999   110   123 
30 -9999  -9999  2100 -9999 -9999 -9999    65   108 
30 -9999  -9999  2400 -9999 -9999 -9999    65   123 
30 -9999  -9999  6000 -9999 -9999 -9999   305    41 
30 -9999  -9999  8100 -9999 -9999 -9999   240    61 
#BRM00082571 1977 07 01 12 9999   12 usaf-ds3 usaf-ds3  -55000  -452670
10 -9999  85000 -9999 -9999 -9999 -9999   105   103 
10 -9999  70000 -9999 -9999 -9999 -9999    80    67 
10 -9999  50000 -9999 -9999 -9999 -9999   105    87 
10 -9999  40000 -9999 -9999 -9999 -9999   120    87 
31 -9999  -9999    82 -9999 -9999 -9999    90    20 
30 -9999  -9999   300 -9999 -9999 -9999   110    51 
30 -9999  -9999   600 -9999 -9999 -9999   115   113 
30 -9999  -9999   900 -9999 -9999 -9999   100   149 
30 -9999  -9999  2100 -9999 -9999 -9999    95    87 
30 -9999  -9999  2400 -9999 -9999 -9999    90    77 
30 -9999  -9999  6000 -9999 -9999 -9999   115   128 
30 -9999  -9999  8100 -9999 -9999 -9999   115   149 
#BRM00082571 1977 07 02 12 9999   12 usaf-ds3 usaf-ds3  -55000  -452670
10 -9999  85000 -9999 -9999 -9999 -9999   115    82 
10 -9999  70000 -9999 -9999 -9999 -9999   110    41 
10 -9999  50000 -9999 -9999 -9999 -9999   110    87 
10 -9999  40000 -9999 -9999 -9999 -9999    65   108 
31 -9999  -9999    82 -9999 -9999 -9999   140    20 
30 -9999  -9999   300 -9999 -9999 -9999   130    61 
30 -9999  -9999   600 -9999 -9999 -9999   120   128 
30 -9999  -9999   900 -9999 -9999 -9999   115   154 
30 -9999  -9999  2100 -9999 -9999 -9999   115    87 
30 -9999  -9999  2400 -9999 -9999 -9999   115    82 
30 -9999  -9999  6000 -9999 -9999 -9999   105   113 
30 -9999  -9999  8100 -9999 -9999 -9999    50    51 
#BRM00082571 1977 07 03 12 9999   11 usaf-ds3 usaf-ds3  -55000  -452670
10 -9999  85000 -9999 -9999 -9999 -9999   100   103 
10 -9999  70000 -9999 -9999 -9999 -9999   260    15 
10 -9999  50000 -9999 -9999 -9999 -9999   100    77 
10 -9999  40000 -9999 -9999 -9999 -9999   110    56 
31 -9999  -9999    82 -9999 -9999 -9999   140    10 
30 -9999  -9999   300 -9999 -9999 -9999   125    41 
30 -9999  -9999   600 -9999 -9999 -9999   120   108 
30 -9999  -9999   900 -9999 -9999 -9999   110   149 
30 -9999  -9999  2100 -9999 -9999 -9999    90    56 
30 -9999  -9999  2400 -9999 -9999 -9999    60    30 
30 -9999  -9999  6000 -9999 -9999 -9999    90    56 
#BRM00082571 1977 07 04 12 9999    6 usaf-ds3 usaf-ds3  -55000  -452670
10 -9999  85000 -9999 -9999 -9999 -9999   100   154 
10 -9999  70000 -9999 -9999 -9999 -9999    70    67 
30 -9999  -9999   900 -9999 -9999 -9999   105   159 
30 -9999  -9999  2100 -9999 -9999 -9999    95   103 
30 -9999  -9999  2400 -9999 -9999 -9999    80    77 
30 -9999  -9999  6000 -9999 -9999 -9999    95    92 
#BRM00082571 1977 07 06 12 9999   14 usaf-ds3 usaf-ds3  -55000  -452670
10 -9999  85000 -9999 -9999 -9999 -9999   115   134 
10 -9999  70000 -9999 -9999 -9999 -9999   120   118 
10 -9999  50000 -9999 -9999 -9999 -9999    45    61 
10 -9999  40000 -9999 -9999 -9999 -9999    80    61 
10 -9999  30000 -9999 -9999 -9999 -9999   155    41 
10 -9999  25000 -9999 -9999 -9999 -9999   170    72 
31 -9999  -9999    82 -9999 -9999 -9999    90    51 
30 -9999  -9999   300 -9999 -9999 -9999    95    46 
30 -9999  -9999   600 -9999 -9999 -9999   105    72 
30 -9999  -9999   900 -9999 -9999 -9999   110   108 
30 -9999  -9999  2100 -9999 -9999 -9999   115   103 
30 -9999  -9999  2400 -9999 -9999 -9999   115    82 
30 -9999  -9999  6000 -9999 -9999 -9999    45    77 
30 -9999  -9999  8100 -9999 -9999 -9999    90    61 
#BRM00082571 1977 07 07 12 9999   14 usaf-ds3 usaf-ds3  -55000  -452670
10 -9999  85000 -9999 -9999 -9999 -9999   110   103 
10 -9999  70000 -9999 -9999 -9999 -9999    70    77 
10 -9999  50000 -9999 -9999 -9999 -9999    40    77 
10 -9999  40000 -9999 -9999 -9999 -9999    40    41 
10 -9999  30000 -9999 -9999 -9999 -9999    35    10 
10 -9999  25000 -9999 -9999 -9999 -9999   205    46 
31 -9999  -9999    82 -9999 -9999 -9999   140    51 
30 -9999  -9999   300 -9999 -9999 -9999   125    92 
30 -9999  -9999   600 -9999 -9999 -9999   125   108 
30 -9999  -9999   900 -9999 -9999 -9999   115   123 
30 -9999  -9999  2100 -9999 -9999 -9999    80    87 
30 -9999  -9999  2400 -9999 -9999 -9999    70    92 
30 -9999  -9999  6000 -9999 -9999 -9999    30    61 
30 -9999  -9999  8100 -9999 -9999 -9999    80    56 
#BRM00082571 1977 07 09 12 9999    9 usaf-ds3 usaf-ds3  -55000  -452670
10 -9999  85000 -9999 -9999 -9999 -9999    90    92 
10 -9999  70000 -9999 -9999 -9999 -9999    75   118 
10 -9999  50000 -9999 -9999 -9999 -9999    85   159 
31 -9999  -9999    82 -9999 -9999 -9999   140    41 
30 -9999  -9999   300 -9999 -9999 -9999   120    72 
30 -9999  -9999   600 -9999 -9999 -9999   100    87 
30 -9999  -9999   900 -9999 -9999 -9999    95    92 
30 -9999  -9999  2100 -9999 -9999 -9999    95   108 
30 -9999  -9999  2400 -9999 -9999 -9999    90   154 
#BRM00082571 1977 07 10 12 9999   10 usaf-ds3 usaf-ds3  -55000  -452670
10 -9999  85000 -9999 -9999 -9999 -9999    90   108 
10 -9999  70000 -9999 -9999 -9999 -9999    85   144 
10 -9999  50000 -9999 -9999 -9999 -9999    95   164 
31 -9999  -9999    82 -9999 -9999 -9999   140    30 
30 -9999  -9999   300 -9999 -9999 -9999   110    61 
30 -9999  -9999   600 -9999 -9999 -9999    90   113 
30 -9999  -9999   900 -9999 -9999 -9999    95   144 
30 -9999  -9999  2100 -9999 -9999 -9999    80   108 
30 -9999  -9999  2400 -9999 -9999 -9999    85   128 
30 -9999  -9999  6000 -9999 -9999 -9999   110   159 
#BRM00082571 1977 07 11 12 9999    9 usaf-ds3 usaf-ds3  -55000  -452670
10 -9999  85000 -9999 -9999 -9999 -9999    85    97 
10 -9999  70000 -9999 -9999 -9999 -9999    55   123 
10 -9999  50000 -9999 -9999 -9999 -9999   100   149 
10 -9999  40000 -9999 -9999 -9999 -9999   145    20 
31 -9999  -9999    82 -9999 -9999 -9999   140    20 
30 -9999  -9999   300 -9999 -9999 -9999   115    41 
30 -9999  -9999   600 -9999 -9999 -9999   105    77 
30 -9999  -9999   900 -9999 -9999 -9999   100   108 
30 -9999  -9999  2100 -9999 -9999 -9999    85    92 
#BRM00082571 1977 07 13 12 9999   12 usaf-ds3 usaf-ds3  -55000  -452670
10 -9999  85000 -9999 -9999 -9999 -9999    95   123 
10 -9999  70000 -9999 -9999 -9999 -9999   120    77 
10 -9999  50000 -9999 -9999 -9999 -9999    30    82 
10 -9999  40000 -9999 -9999 -9999 -9999    95   128 
10 -9999  30000 -9999 -9999 -9999 -9999   255    82 
10 -9999  25000 -9999 -9999 -9999 -9999   345    72 
31 -9999  -9999    82 -9999 -9999 -9999    90    10 
30 -9999  -9999   300 -9999 -9999 -9999   100    51 
30 -9999  -9999   600 -9999 -9999 -9999   100   134 
30 -9999  -9999   900 -9999 -9999 -9999    95   159 
30 -9999  -9999  2100 -9999 -9999 -9999   120    67 
30 -9999  -9999  2400 -9999 -9999 -9999   135    72 
#BRM00082571 1977 07 14 12 9999   13 usaf-ds3 usaf-ds3  -55000  -452670
10 -9999  85000 -9999 -9999 -9999 -9999    95   144 
10 -9999  70000 -9999 -9999 -9999 -9999   110   113 
10 -9999  50000 -9999 -9999 -9999 -9999    30    72 
10 -9999  40000 -9999 -9999 -9999 -9999    70    92 
10 -9999  30000 -9999 -9999 -9999 -9999   295    72 
10 -9999  25000 -9999 -9999 -9999 -9999   240   134 
31 -9999  -9999    82 -9999 -9999 -9999    50    10 
30 -9999  -9999   300 -9999 -9999 -9999    45    25 
30 -9999  -9999   600 -9999 -9999 -9999    50    72 
30 -9999  -9999   900 -9999 -9999 -9999    70    92 
30 -9999  -9999  2400 -9999 -9999 -9999   125   118 
30 -9999  -9999  6000 -9999 -9999 -9999    60   123 
30 -9999  -9999  8100 -9999 -9999 -9999    40    72 
#BRM00082571 1977 07 15 12 9999   13 usaf-ds3 usaf-ds3  -55000  -452670
10 -9999  85000 -9999 -9999 -9999 -9999    90   118 
10 -9999  70000 -9999 -9999 -9999 -9999    65    97 
10 -9999  50000 -9999 -9999 -9999 -9999    65    92 
10 -9999  40000 -9999 -9999 -9999 -9999    60    82 
10 -9999  30000 -9999 -9999 -9999 -9999   230    97 
10 -9999  25000 -9999 -9999 -9999 -9999   255   118 
31 -9999  -9999    82 -9999 -9999 -9999   320    10 
30 -9999  -9999   300 -9999 -9999 -9999   160    20 
30 -9999  -9999   600 -9999 -9999 -9999    75    51 
30 -9999  -9999   900 -9999 -9999 -9999    75    67 
30 -9999  -9999  2100 -9999 -9999 -9999    90   123 
30 -9999  -9999  2400 -9999 -9999 -9999    95   108 
30 -9999  -9999  6000 -9999 -9999 -9999    60    61 
#BRM00082571 1977 07 16 12 9999   14 usaf-ds3 usaf-ds3  -55000  -452670
10 -9999  85000 -9999 -9999 -9999 -9999    90    92 
10 -9999  70000 -9999 -9999 -9999 -9999    80   103 
10 -9999  50000 -9999 -9999 -9999 -9999    30    82 
10 -9999  40000 -9999 -9999 -9999 -9999   135    67 
10 -9999  30000 -9999 -9999 -9999 -9999   110   108 
10 -9999  25000 -9999 -9999 -9999 -9999   230    97 
31 -9999  -9999    82 -9999 -9999 -9999    50    10 
30 -9999  -9999   300 -9999 -9999 -9999    75    25 
30 -9999  -9999   600 -9999 -9999 -9999    90    97 
30 -9999  -9999   900 -9999 -9999 -9999    85   108 
30 -9999  -9999  2100 -9999 -9999 -9999   115    82 
30 -9999  -9999  2400 -9999 -9999 -9999   105    77 
30 -9999  -9999  6000 -9999 -9999 -9999    50    97 
30 -9999  -9999  8100 -9999 -9999 -9999   205    25 
#BRM00082571 1977 07 22 12 9999   14 usaf-ds3 usaf-ds3  -55000  -452670
10 -9999  85000 -9999 -9999 -9999 -9999    90   108 
10 -9999  70000 -9999 -9999 -9999 -9999    50    51 
10 -9999  50000 -9999 -9999 -9999 -9999    20    20 
10 -9999  40000 -9999 -9999 -9999 -9999    90    51 
10 -9999  30000 -9999 -9999 -9999 -9999    30    46 
10 -9999  25000 -9999 -9999 -9999 -9999   355    72 
31 -9999  -9999    82 -9999 -9999 -9999    90    30 
30 -9999  -9999   300 -9999 -9999 -9999   100    61 
30 -9999  -9999   600 -9999 -9999 -9999   100   149 
30 -9999  -9999   900 -9999 -9999 -9999   100   195 
30 -9999  -9999  2100 -9999 -9999 -9999   110    56 
30 -9999  -9999  2400 -9999 -9999 -9999   110    56 
30 -9999  -9999  6000 -9999 -9999 -9999    35    25 
30 -9999  -9999  8100 -9999 -9999 -9999   205    41 
#BRM00082571 1977 07 23 12 9999   12 usaf-ds3 usaf-ds3  -55000  -452670
10 -9999  85000 -9999 -9999 -9999 -9999    95   123 
10 -9999  70000 -9999 -9999 -9999 -9999    70    41 
10 -9999  50000 -9999 -9999 -9999 -9999    30    51 
10 -9999  40000 -9999 -9999 -9999 -9999   100    82 
10 -9999  30000 -9999 -9999 -9999 -9999    30    72 
10 -9999  25000 -9999 -9999 -9999 -9999   270    72 
31 -9999  -9999    82 -9999 -9999 -9999    50    10 
30 -9999  -9999   300 -9999 -9999 -9999    65    15 
30 -9999  -9999   600 -9999 -9999 -9999    65    56 
30 -9999  -9999   900 -9999 -9999 -9999    85   134 
30 -9999  -9999  2100 -9999 -9999 -9999    95    87 
30 -9999  -9999  2400 -9999 -9999 -9999   105    72 
#BRM00082571 1977 07 24 12 9999    7 usaf-ds3 usaf-ds3  -55000  -452670
10 -9999  85000 -9999 -9999 -9999 -9999    90   128 
10 -9999  70000 -9999 -9999 -9999 -9999    10    61 
10 -9999  50000 -9999 -9999 -9999 -9999    65    87 
10 -9999  40000 -9999 -9999 -9999 -9999   100    41 
31 -9999  -9999    82 -9999 -9999 -9999    90    30 
30 -9999  -9999   300 -9999 -9999 -9999    95    46 
30 -9999  -9999   600 -9999 -9999 -9999    95    97 
#BRM00082571 1977 07 27 12 9999   12 usaf-ds3 usaf-ds3  -55000  -452670
10 -9999  85000 -9999 -9999 -9999 -9999    90   103 
10 -9999  70000 -9999 -9999 -9999 -9999   120   118 
10 -9999  50000 -9999 -9999 -9999 -9999   120    56 
10 -9999  40000 -9999 -9999 -9999 -9999   100    61 
31 -9999  -9999    82 -9999 -9999 -9999    50    10 
30 -9999  -9999   300 -9999 -9999 -9999    75    30 
30 -9999  -9999   600 -9999 -9999 -9999    95    87 
30 -9999  -9999   900 -9999 -9999 -9999    95   134 
30 -9999  -9999  2100 -9999 -9999 -9999   105    77 
30 -9999  -9999  2400 -9999 -9999 -9999   120    87 
30 -9999  -9999  6000 -9999 -9999 -9999    55    51 
30 -9999  -9999  8100 -9999 -9999 -9999    95    20 
#BRM00082571 1977 08 04 12 9999    3          usaf-ds3  -55000  -452670
31 -9999  -9999    82 -9999 -9999 -9999    90    30 
30 -9999  -9999   300 -9999 -9999 -9999    95    67 
30 -9999  -9999   600 -9999 -9999 -9999   100   123 
#BRM00082571 1977 08 05 12 9999   11 usaf-ds3 usaf-ds3  -55000  -452670
10 -9999  85000 -9999 -9999 -9999 -9999    85   149 
10 -9999  70000 -9999 -9999 -9999 -9999    45   103 
10 -9999  50000 -9999 -9999 -9999 -9999    60    51 
10 -9999  40000 -9999 -9999 -9999 -9999   150   159 
31 -9999  -9999    82 -9999 -9999 -9999    50    10 
30 -9999  -9999   300 -9999 -9999 -9999    80    41 
30 -9999  -9999   600 -9999 -9999 -9999    90    82 
30 -9999  -9999   900 -9999 -9999 -9999    90   128 
30 -9999  -9999  2100 -9999 -9999 -9999   105    77 
30 -9999  -9999  2400 -9999 -9999 -9999    90    72 
30 -9999  -9999  6000 -9999 -9999 -9999    55    46 
#BRM00082571 1977 08 08 12 9999    7 usaf-ds3 usaf-ds3  -55000  -452670
10 -9999  85000 -9999 -9999 -9999 -9999   105   108 
10 -9999  70000 -9999 -9999 -9999 -9999    25    56 
31 -9999  -9999    82 -9999 -9999 -9999    50    10 
30 -9999  -9999   300 -9999 -9999 -9999    50    36 
30 -9999  -9999   600 -9999 -9999 -9999    60    61 
30 -9999  -9999  2100 -9999 -9999 -9999   160    51 
30 -9999  -9999  2400 -9999 -9999 -9999   170    51 
#BRM00082571 1977 08 16 12 9999   10 usaf-ds3 usaf-ds3  -55000  -452670
10 -9999  85000 -9999 -9999 -9999 -9999   105    72 
10 -9999  70000 -9999 -9999 -9999 -9999    65   113 
10 -9999  50000 -9999 -9999 -9999 -9999    95   103 
31 -9999  -9999    82 -9999 -9999 -9999   180    20 
30 -9999  -9999   300 -9999 -9999 -9999   140    30 
30 -9999  -9999   600 -9999 -9999 -9999    95    77 
30 -9999  -9999   900 -9999 -9999 -9999    75    72 
30 -9999  -9999  2100 -9999 -9999 -9999    85   113 
30 -9999  -9999  2400 -9999 -9999 -9999    75   113 
30 -9999  -9999  6000 -9999 -9999 -9999    80   128 
#BRM00082571 1977 08 17 12 9999    8 usaf-ds3 usaf-ds3  -55000  -452670
10 -9999  85000 -9999 -9999 -9999 -9999   100    61 
10 -9999  70000 -9999 -9999 -9999 -9999    20    30 
31 -9999  -9999    82 -9999 -9999 -9999    85    41 
30 -9999  -9999   300 -9999 -9999 -9999   110    61 
30 -9999  -9999   600 -9999 -9999 -9999   110   123 
30 -9999  -9999   900 -9999 -9999 -9999   120    41 
30 -9999  -9999  2100 -9999 -9999 -9999    60    25 
30 -9999  -9999  2400 -9999 -9999 -9999    95    67 
#BRM00082571 1977 09 08 12 9999    6          usaf-ds3  -55000  -452670
31 -9999  -9999    82 -9999 -9999 -9999    50    10 
30 -9999  -9999   300 -9999 -9999 -9999    75    36 
30 -9999  -9999   600 -9999 -9999 -9999    95    72 
30 -9999  -9999   900 -9999 -9999 -9999   100   103 
30 -9999  -9999  2100 -9999 -9999 -9999   105    82 
30 -9999  -9999  2400 -9999 -9999 -9999   100    92 
#BRM00082571 1977 09 09 12 9999    9 usaf-ds3 usaf-ds3  -55000  -452670
10 -9999  85000 -9999 -9999 -9999 -9999    95   134 
10 -9999  70000 -9999 -9999 -9999 -9999    75    46 
31 -9999  -9999    82 -9999 -9999 -9999   180    10 
30 -9999  -9999   300 -9999 -9999 -9999   115    15 
30 -9999  -9999   600 -9999 -9999 -9999   105    20 
30 -9999  -9999   900 -9999 -9999 -9999   105    97 
30 -9999  -9999  2100 -9999 -9999 -9999    80   118 
30 -9999  -9999  2400 -9999 -9999 -9999    85    87 
30 -9999  -9999  4200 -9999 -9999 -9999    70    72 
#BRM00082571 1977 09 10 12 9999   14 usaf-ds3 usaf-ds3  -55000  -452670
10 -9999  85000 -9999 -9999 -9999 -9999    95   134 
10 -9999  70000 -9999 -9999 -9999 -9999    95    61 
10 -9999  50000 -9999 -9999 -9999 -9999   100    97 
10 -9999  40000 -9999 -9999 -9999 -9999   340    56 
10 -9999  30000 -9999 -9999 -9999 -9999   270   134 
10 -9999  25000 -9999 -9999 -9999 -9999   265   154 
31 -9999  -9999    82 -9999 -9999 -9999    50    10 
30 -9999  -9999   300 -9999 -9999 -9999    50    30 
30 -9999  -9999   600 -9999 -9999 -9999    85    51 
30 -9999  -9999   900 -9999 -9999 -9999    95    87 
30 -9999  -9999  2100 -9999 -9999 -9999    90    87 
30 -9999  -9999  2400 -9999 -9999 -9999   100    77 
30 -9999  -9999  6000 -9999 -9999 -9999    95    82 
30 -9999  -9999  8100 -9999 -9999 -9999   310    41 
#BRM00082571 1977 09 16 12 9999    8 usaf-ds3 usaf-ds3  -55000  -452670
10 -9999  85000 -9999 -9999 -9999 -9999   100   108 
10 -9999  70000 -9999 -9999 -9999 -9999   130    87 
31 -9999  -9999    82 -9999 -9999 -9999     0    10 
30 -9999  -9999   300 -9999 -9999 -9999   160    10 
30 -9999  -9999   600 -9999 -9999 -9999    60    61 
30 -9999  -9999   900 -9999 -9999 -9999    80    77 
30 -9999  -9999  2100 -9999 -9999 -9999    95   103 
30 -9999  -9999  2400 -9999 -9999 -9999   115    77 
#BRM00082571 1977 09 17 12 9999   13 usaf-ds3 usaf-ds3  -55000  -452670
10 -9999  85000 -9999 -9999 -9999 -9999    90   108 
10 -9999  70000 -9999 -9999 -9999 -9999   125    46 
10 -9999  50000 -9999 -9999 -9999 -9999   185    77 
10 -9999  40000 -9999 -9999 -9999 -9999   200   103 
10 -9999  30000 -9999 -9999 -9999 -9999   175   268 
31 -9999  -9999    82 -9999 -9999 -9999    50    20 
30 -9999  -9999   300 -9999 -9999 -9999    35    41 
30 -9999  -9999   600 -9999 -9999 -9999    40    61 
30 -9999  -9999   900 -9999 -9999 -9999    50    46 
30 -9999  -9999  2100 -9999 -9999 -9999    95    82 
30 -9999  -9999  2400 -9999 -9999 -9999   110    67 
30 -9999  -9999  6000 -9999 -9999 -9999   195    72 
30 -9999  -9999  8100 -9999 -9999 -9999   185   149 
#BRM00082571 1977 09 20 12 9999    4 usaf-ds3           -55000  -452670
10 -9999  85000 -9999 -9999 -9999 -9999    30    56 
10 -9999  70000 -9999 -9999 -9999 -9999    25    77 
10 -9999  50000 -9999 -9999 -9999 -9999   115    20 
10 -9999  40000 -9999 -9999 -9999 -9999    30    41 
#BRM00082571 1977 11 04 12 9999    8 usaf-ds3 usaf-ds3  -55000  -452670
10 -9999  85000 -9999 -9999 -9999 -9999    80   123 
10 -9999  70000 -9999 -9999 -9999 -9999   105   154 
31 -9999  -9999    82 -9999 -9999 -9999    50    41 
30 -9999  -9999   300 -9999 -9999 -9999    45    41 
30 -9999  -9999   600 -9999 -9999 -9999    65    51 
30 -9999  -9999   900 -9999 -9999 -9999    65   113 
30 -9999  -9999  2100 -9999 -9999 -9999    80   149 
30 -9999  -9999  2400 -9999 -9999 -9999    90   118 
#BRM00082571 1977 11 05 12 9999    8 usaf-ds3 usaf-ds3  -55000  -452670
10 -9999  85000 -9999 -9999 -9999 -9999    70    25 
10 -9999  70000 -9999 -9999 -9999 -9999    90   139 
31 -9999  -9999    82 -9999 -9999 -9999    50    20 
30 -9999  -9999   300 -9999 -9999 -9999    30    20 
30 -9999  -9999   600 -9999 -9999 -9999    40    46 
30 -9999  -9999   900 -9999 -9999 -9999    65    56 
30 -9999  -9999  2100 -9999 -9999 -9999    80    61 
30 -9999  -9999  2400 -9999 -9999 -9999   105    61 
#BRM00082571 1977 11 08 12 9999    9 usaf-ds3 usaf-ds3  -55000  -452670
10 -9999  85000 -9999 -9999 -9999 -9999    70    77 
10 -9999  70000 -9999 -9999 -9999 -9999    95    77 
10 -9999  50000 -9999 -9999 -9999 -9999   315    46 
10 -9999  40000 -9999 -9999 -9999 -9999   310    87 
10 -9999  30000 -9999 -9999 -9999 -9999   270    15 
10 -9999  25000 -9999 -9999 -9999 -9999   230    51 
31 -9999  -9999    82 -9999 -9999 -9999    50    30 
30 -9999  -9999   300 -9999 -9999 -9999    40    30 
30 -9999  -9999   600 -9999 -9999 -9999    45    61 
#BRM00082571 1977 11 21 12 9999    4          usaf-ds3  -55000  -452670
31 -9999  -9999    82 -9999 -9999 -9999    50    30 
30 -9999  -9999   300 -9999 -9999 -9999    45    36 
30 -9999  -9999   600 -9999 -9999 -9999    65    51 
30 -9999  -9999  4200 -9999 -9999 -9999    70    72 
#BRM00082571 1977 11 22 12 9999   10 usaf-ds3 usaf-ds3  -55000  -452670
10 -9999  85000 -9999 -9999 -9999 -9999    35    30 
10 -9999  70000 -9999 -9999 -9999 -9999   110   128 
10 -9999  50000 -9999 -9999 -9999 -9999    80    61 
10 -9999  40000 -9999 -9999 -9999 -9999    30    51 
31 -9999  -9999    82 -9999 -9999 -9999   260    10 
30 -9999  -9999   300 -9999 -9999 -9999   145    20 
30 -9999  -9999   600 -9999 -9999 -9999    45    36 
30 -9999  -9999   900 -9999 -9999 -9999    50    46 
30 -9999  -9999  2100 -9999 -9999 -9999   100    46 
30 -9999  -9999  2400 -9999 -9999 -9999    95    87 
#BRM00082571 1977 11 23 12 9999    6          usaf-ds3  -55000  -452670
31 -9999  -9999    82 -9999 -9999 -9999    50    10 
30 -9999  -9999   300 -9999 -9999 -9999    35    10 
30 -9999  -9999   600 -9999 -9999 -9999   345    30 
30 -9999  -9999   900 -9999 -9999 -9999   335    30 
30 -9999  -9999  2100 -9999 -9999 -9999   100    41 
30 -9999  -9999  2400 -9999 -9999 -9999   105    72 
#BRM00082571 1977 12 21 12 9999    6          usaf-ds3  -55000  -452670
31 -9999  -9999    82 -9999 -9999 -9999    50    30 
30 -9999  -9999   300 -9999 -9999 -9999    50    51 
30 -9999  -9999   600 -9999 -9999 -9999    50    87 
30 -9999  -9999   900 -9999 -9999 -9999    80    61 
30 -9999  -9999  2100 -9999 -9999 -9999    80    77 
30 -9999  -9999  2400 -9999 -9999 -9999    80    97 
#BRM00082571 1977 12 22 12 9999   14 usaf-ds3 usaf-ds3  -55000  -452670
10 -9999  85000 -9999 -9999 -9999 -9999   105    56 
10 -9999  70000 -9999 -9999 -9999 -9999    70   113 
10 -9999  50000 -9999 -9999 -9999 -9999    15    41 
10 -9999  40000 -9999 -9999 -9999 -9999   355    67 
10 -9999  30000 -9999 -9999 -9999 -9999   150    97 
10 -9999  25000 -9999 -9999 -9999 -9999   140   149 
31 -9999  -9999    82 -9999 -9999 -9999    50    15 
30 -9999  -9999   300 -9999 -9999 -9999    60    25 
30 -9999  -9999   600 -9999 -9999 -9999    60    46 
30 -9999  -9999   900 -9999 -9999 -9999    55    30 
30 -9999  -9999  2100 -9999 -9999 -9999    95    82 
30 -9999  -9999  2400 -9999 -9999 -9999    95    87 
30 -9999  -9999  6000 -9999 -9999 -9999    20    61 
30 -9999  -9999  8100 -9999 -9999 -9999    80    30 
#BRM00082571 1978 04 20 12 9999    7          usaf-ds3  -55000  -452670
31 -9999  -9999    82 -9999 -9999 -9999   270     5 
30 -9999  -9999   300 -9999 -9999 -9999   175    10 
30 -9999  -9999   600 -9999 -9999 -9999   140    36 
30 -9999  -9999   900 -9999 -9999 -9999   140    56 
30 -9999  -9999  2100 -9999 -9999 -9999   130    36 
30 -9999  -9999  2400 -9999 -9999 -9999   175    25 
30 -9999  -9999  6000 -9999 -9999 -9999   315    61 
#BRM00082571 1978 05 06 12 9999    8          usaf-ds3  -55000  -452670
31 -9999  -9999    82 -9999 -9999 -9999   140    30 
30 -9999  -9999   300 -9999 -9999 -9999   115    30 
30 -9999  -9999   600 -9999 -9999 -9999   155    30 
30 -9999  -9999   900 -9999 -9999 -9999   135    20 
30 -9999  -9999  2100 -9999 -9999 -9999   120    77 
30 -9999  -9999  2400 -9999 -9999 -9999    75    92 
30 -9999  -9999  6000 -9999 -9999 -9999    40    67 
30 -9999  -9999  8100 -9999 -9999 -9999    90    56 
#BRM00082571 1978 05 12 12 9999    6          usaf-ds3  -55000  -452670
31 -9999  -9999    82 -9999 -9999 -9999    90    30 
30 -9999  -9999   300 -9999 -9999 -9999   100    92 
30 -9999  -9999   900 -9999 -9999 -9999   115   134 
30 -9999  -9999  2100 -9999 -9999 -9999    90   128 
30 -9999  -9999  2400 -9999 -9999 -9999    95    92 
30 -9999  -9999  4200 -9999 -9999 -9999    40    51 
#BRM00082571 1978 05 13 12 9999    6          usaf-ds3  -55000  -452670
31 -9999  -9999    82 -9999 -9999 -9999   140    30 
30 -9999  -9999   300 -9999 -9999 -9999   125    77 
30 -9999  -9999   600 -9999 -9999 -9999   125   103 
30 -9999  -9999   900 -9999 -9999 -9999   120   103 
30 -9999  -9999  2100 -9999 -9999 -9999    90   123 
30 -9999  -9999  2400 -9999 -9999 -9999    85   108 
#BRM00082571 1978 05 16 12 9999    5          usaf-ds3  -55000  -452670
31 -9999  -9999    82 -9999 -9999 -9999   140    36 
30 -9999  -9999   300 -9999 -9999 -9999   115    61 
30 -9999  -9999   600 -9999 -9999 -9999   100    92 
30 -9999  -9999   900 -9999 -9999 -9999    85    87 
30 -9999  -9999  2100 -9999 -9999 -9999    80   149 
#BRM00082571 1978 05 18 12 9999    7          usaf-ds3  -55000  -452670
31 -9999  -9999    82 -9999 -9999 -9999   270    10 
30 -9999  -9999   300 -9999 -9999 -9999   170    30 
30 -9999  -9999   600 -9999 -9999 -9999   120    97 
30 -9999  -9999   900 -9999 -9999 -9999   110   118 
30 -9999  -9999  2100 -9999 -9999 -9999    80    87 
30 -9999  -9999  2400 -9999 -9999 -9999    90    56 
30 -9999  -9999  4200 -9999 -9999 -9999    85    82 
#BRM00082571 1978 05 19 12 9999    6          usaf-ds3  -55000  -452670
31 -9999  -9999    82 -9999 -9999 -9999   230     5 
30 -9999  -9999   300 -9999 -9999 -9999   150    30 
30 -9999  -9999   600 -9999 -9999 -9999   105   108 
30 -9999  -9999   900 -9999 -9999 -9999   100   118 
30 -9999  -9999  2100 -9999 -9999 -9999    85   376 
30 -9999  -9999  2400 -9999 -9999 -9999    85   489 
#BRM00082571 1978 05 27 12 9999    7          usaf-ds3  -55000  -452670
31 -9999  -9999    82 -9999 -9999 -9999    90     5 
30 -9999  -9999   300 -9999 -9999 -9999    65    25 
30 -9999  -9999   600 -9999 -9999 -9999    80    46 
30 -9999  -9999   900 -9999 -9999 -9999    90    51 
30 -9999  -9999  2100 -9999 -9999 -9999    85    61 
30 -9999  -9999  2400 -9999 -9999 -9999    90    41 
30 -9999  -9999  6000 -9999 -9999 -9999   180    46 
#BRM00082571 1978 06 04 12 9999    7          usaf-ds3  -55000  -452670
31 -9999  -9999    82 -9999 -9999 -9999   140    15 
30 -9999  -9999   300 -9999 -9999 -9999    85    20 
30 -9999  -9999   600 -9999 -9999 -9999    40    30 
30 -9999  -9999   900 -9999 -9999 -9999    70    30 
30 -9999  -9999  2100 -9999 -9999 -9999   115   113 
30 -9999  -9999  2400 -9999 -9999 -9999   120   128 
30 -9999  -9999  6000 -9999 -9999 -9999   100   149 
#BRM00082571 1978 06 09 12 9999    4          usaf-ds3  -55000  -452670
31 -9999  -9999    82 -9999 -9999 -9999    90    15 
30 -9999  -9999   300 -9999 -9999 -9999   110    30 
30 -9999  -9999   600 -9999 -9999 -9999   115    82 
30 -9999  -9999   900 -9999 -9999 -9999   105    87 
#BRM00082571 1978 06 10 12 9999    6          usaf-ds3  -55000  -452670
31 -9999  -9999    82 -9999 -9999 -9999    90     5 
30 -9999  -9999   300 -9999 -9999 -9999    95    36 
30 -9999  -9999   600 -9999 -9999 -9999    95   118 
30 -9999  -9999   900 -9999 -9999 -9999    95   128 
30 -9999  -9999  2100 -9999 -9999 -9999   105   108 
30 -9999  -9999  2400 -9999 -9999 -9999   105    92 
#BRM00082571 1978 06 11 12 9999    6          usaf-ds3  -55000  -452670
31 -9999  -9999    82 -9999 -9999 -9999    90    25 
30 -9999  -9999   300 -9999 -9999 -9999   105    46 
30 -9999  -9999   600 -9999 -9999 -9999   115    97 
30 -9999  -9999   900 -9999 -9999 -9999   110   128 
30 -9999  -9999  2100 -9999 -9999 -9999    90    72 
30 -9999  -9999  2400 -9999 -9999 -9999   105    92 
#BRM00082571 1978 06 12 12 9999    7          usaf-ds3  -55000  -452670
31 -9999  -9999    82 -9999 -9999 -9999   140    25 
30 -9999  -9999   300 -9999 -9999 -9999   125    56 
30 -9999  -9999   600 -9999 -9999 -9999   115   113 
30 -9999  -9999   900 -9999 -9999 -9999   100   144 
30 -9999  -9999  2100 -9999 -9999 -9999    80   108 
30 -9999  -9999  2400 -9999 -9999 -9999    85    92 
30 -9999  -9999  4200 -9999 -9999 -9999    60    77 
#BRM00082571 1978 06 14 12 9999    6          usaf-ds3  -55000  -452670
31 -9999  -9999    82 -9999 -9999 -9999   140    51 
30 -9999  -9999   300 -9999 -9999 -9999   130    82 
30 -9999  -9999   600 -9999 -9999 -9999   125    92 
30 -9999  -9999   900 -9999 -9999 -9999   130   118 
30 -9999  -9999  2100 -9999 -9999 -9999    70    87 
30 -9999  -9999  2400 -9999 -9999 -9999    70    97 
#BRM00082571 1978 06 15 12 9999    3          usaf-ds3  -55000  -452670
31 -9999  -9999    82 -9999 -9999 -9999   140    15 
30 -9999  -9999   300 -9999 -9999 -9999   125    20 
30 -9999  -9999   600 -9999 -9999 -9999   125    36 
#BRM00082571 1978 06 18 12 9999    7          usaf-ds3  -55000  -452670
31 -9999  -9999    82 -9999 -9999 -9999   140    30 
30 -9999  -9999   300 -9999 -9999 -9999   135    87 
30 -9999  -9999   600 -9999 -9999 -9999   125   103 
30 -9999  -9999   900 -9999 -9999 -9999   115   139 
30 -9999  -9999  2100 -9999 -9999 -9999    80   108 
30 -9999  -9999  2400 -9999 -9999 -9999    80   108 
30 -9999  -9999  4200 -9999 -9999 -9999    80    67 
#BRM00082571 1978 06 19 12 9999    7          usaf-ds3  -55000  -452670
31 -9999  -9999    82 -9999 -9999 -9999   140    36 
30 -9999  -9999   300 -9999 -9999 -9999   125    77 
30 -9999  -9999   600 -9999 -9999 -9999   120    97 
30 -9999  -9999   900 -9999 -9999 -9999   110   134 
30 -9999  -9999  2100 -9999 -9999 -9999    90    92 
30 -9999  -9999  2400 -9999 -9999 -9999    80    87 
30 -9999  -9999  4200 -9999 -9999 -9999    85    72 
#BRM00082571 1978 06 20 12 9999    8          usaf-ds3  -55000  -452670
31 -9999  -9999    82 -9999 -9999 -9999    50    10 
30 -9999  -9999   300 -9999 -9999 -9999    90    41 
30 -9999  -9999   600 -9999 -9999 -9999   110   123 
30 -9999  -9999   900 -9999 -9999 -9999   105   149 
30 -9999  -9999  2100 -9999 -9999 -9999    65    87 
30 -9999  -9999  2400 -9999 -9999 -9999    65    82 
30 -9999  -9999  6000 -9999 -9999 -9999    75   113 
30 -9999  -9999  8100 -9999 -9999 -9999    90    67 
#BRM00082571 1978 06 21 12 9999    8          usaf-ds3  -55000  -452670
31 -9999  -9999    82 -9999 -9999 -9999   140    36 
30 -9999  -9999   300 -9999 -9999 -9999   140    67 
30 -9999  -9999   600 -9999 -9999 -9999   135   118 
30 -9999  -9999   900 -9999 -9999 -9999   135   159 
30 -9999  -9999  2100 -9999 -9999 -9999    95    61 
30 -9999  -9999  2400 -9999 -9999 -9999    55    82 
30 -9999  -9999  6000 -9999 -9999 -9999    55    92 
30 -9999  -9999  8100 -9999 -9999 -9999   105    30 
#BRM00082571 1978 06 22 12 9999    5          usaf-ds3  -55000  -452670
31 -9999  -9999    82 -9999 -9999 -9999   180    15 
30 -9999  -9999   300 -9999 -9999 -9999   150    51 
30 -9999  -9999   600 -9999 -9999 -9999   125   144 
30 -9999  -9999   900 -9999 -9999 -9999   100    67 
30 -9999  -9999  2400 -9999 -9999 -9999    65    51 
#BRM00082571 1978 06 24 12 9999    7          usaf-ds3  -55000  -452670
31 -9999  -9999    82 -9999 -9999 -9999   140    36 
30 -9999  -9999   300 -9999 -9999 -9999   125    97 
30 -9999  -9999   600 -9999 -9999 -9999   120    82 
30 -9999  -9999   900 -9999 -9999 -9999   110    87 
30 -9999  -9999  2100 -9999 -9999 -9999   120    92 
30 -9999  -9999  2400 -9999 -9999 -9999   105    77 
30 -9999  -9999  4200 -9999 -9999 -9999    50    97 
#BRM00082571 1978 06 25 12 9999    3          usaf-ds3  -55000  -452670
31 -9999  -9999    82 -9999 -9999 -9999   140    25 
30 -9999  -9999   300 -9999 -9999 -9999   135    61 
30 -9999  -9999   600 -9999 -9999 -9999   125   134 
#BRM00082571 1978 06 26 12 9999    8          usaf-ds3  -55000  -452670
31 -9999  -9999    82 -9999 -9999 -9999    50    10 
30 -9999  -9999   300 -9999 -9999 -9999    75    41 
30 -9999  -9999   600 -9999 -9999 -9999   105   113 
30 -9999  -9999   900 -9999 -9999 -9999   105   201 
30 -9999  -9999  2100 -9999 -9999 -9999   105    92 
30 -9999  -9999  2400 -9999 -9999 -9999   100    61 
30 -9999  -9999  6000 -9999 -9999 -9999     5    10 
30 -9999  -9999  8100 -9999 -9999 -9999   160    82 
#BRM00082571 1978 06 30 12 9999    8          usaf-ds3  -55000  -452670
31 -9999  -9999    82 -9999 -9999 -9999    90    20 
30 -9999  -9999   300 -9999 -9999 -9999   100    56 
30 -9999  -9999   600 -9999 -9999 -9999   100   113 
30 -9999  -9999   900 -9999 -9999 -9999    95   128 
30 -9999  -9999  2100 -9999 -9999 -9999   105    87 
30 -9999  -9999  2400 -9999 -9999 -9999   105    72 
30 -9999  -9999  6000 -9999 -9999 -9999   240    10 
30 -9999  -9999  8100 -9999 -9999 -9999    95    41 
#BRM00082571 1978 10 02 12 9999    6          usaf-ds3  -55000  -452670
31 -9999  -9999    82 -9999 -9999 -9999   190    20 
30 -9999  -9999   300 -9999 -9999 -9999   100    30 
30 -9999  -9999   600 -9999 -9999 -9999   100    67 
30 -9999  -9999   900 -9999 -9999 -9999   105    82 
30 -9999  -9999  2100 -9999 -9999 -9999    85   118 
30 -9999  -9999  2400 -9999 -9999 -9999    90    97 
#BRM00082571 1978 10 03 12 9999    7          usaf-ds3  -55000  -452670
31 -9999  -9999    82 -9999 -9999 -9999   320     5 
30 -9999  -9999   300 -9999 -9999 -9999   150    10 
30 -9999  -9999   600 -9999 -9999 -9999    85    36 
30 -9999  -9999   900 -9999 -9999 -9999   110    72 
30 -9999  -9999  2100 -9999 -9999 -9999    90   103 
30 -9999  -9999  2400 -9999 -9999 -9999    90   103 
30 -9999  -9999  4200 -9999 -9999 -9999    70    67 
#BRM00082571 1978 10 04 12 9999    2          usaf-ds3  -55000  -452670
31 -9999  -9999    82 -9999 -9999 -9999    50    40 
30 -9999  -9999   300 -9999 -9999 -9999    75    70 
#BRM00082571 1978 10 05 12 9999    3          usaf-ds3  -55000  -452670
31 -9999  -9999    82 -9999 -9999 -9999    90    30 
30 -9999  -9999   300 -9999 -9999 -9999    95    41 
30 -9999  -9999   600 -9999 -9999 -9999   100    87 
#BRM00082571 1978 10 18 12 9999    7          usaf-ds3  -55000  -452670
31 -9999  -9999    82 -9999 -9999 -9999    50    30 
30 -9999  -9999   300 -9999 -9999 -9999    40    36 
30 -9999  -9999   600 -9999 -9999 -9999    40    51 
30 -9999  -9999   900 -9999 -9999 -9999    30    56 
30 -9999  -9999  2100 -9999 -9999 -9999    90    77 
30 -9999  -9999  2400 -9999 -9999 -9999    90    87 
30 -9999  -9999  4200 -9999 -9999 -9999   330    51 
#BRM00082571 1978 10 26 12 9999    6          usaf-ds3  -55000  -452670
31 -9999  -9999    82 -9999 -9999 -9999    50    30 
30 -9999  -9999   300 -9999 -9999 -9999    40    56 
30 -9999  -9999   600 -9999 -9999 -9999    40    67 
30 -9999  -9999   900 -9999 -9999 -9999    40    97 
30 -9999  -9999  2100 -9999 -9999 -9999   110   118 
30 -9999  -9999  4200 -9999 -9999 -9999    90   123 
#BRM00082571 1978 11 17 12 9999    7          usaf-ds3  -55000  -452670
31 -9999  -9999    82 -9999 -9999 -9999    50    15 
30 -9999  -9999   300 -9999 -9999 -9999    40    15 
30 -9999  -9999   600 -9999 -9999 -9999    70    20 
30 -9999  -9999   900 -9999 -9999 -9999    70    20 
30 -9999  -9999  2100 -9999 -9999 -9999    90    97 
30 -9999  -9999  2400 -9999 -9999 -9999    50    87 
30 -9999  -9999  6000 -9999 -9999 -9999   315    67 
#BRM00082571 1978 11 21 12 9999    6          usaf-ds3  -55000  -452670
31 -9999  -9999    82 -9999 -9999 -9999    90    30 
30 -9999  -9999   300 -9999 -9999 -9999    70    20 
30 -9999  -9999   600 -9999 -9999 -9999    55    30 
30 -9999  -9999   900 -9999 -9999 -9999    50    56 
30 -9999  -9999  2100 -9999 -9999 -9999    80    97 
30 -9999  -9999  2400 -9999 -9999 -9999    80   103 
#BRM00082571 1978 11 25 12 9999    5          usaf-ds3  -55000  -452670
31 -9999  -9999    82 -9999 -9999 -9999    50    30 
30 -9999  -9999   300 -9999 -9999 -9999    40    41 
30 -9999  -9999   600 -9999 -9999 -9999    35    56 
30 -9999  -9999  2100 -9999 -9999 -9999    70    82 
30 -9999  -9999  2400 -9999 -9999 -9999    85    87 
#BRM00082571 1978 12 16 12 9999    6          usaf-ds3  -55000  -452670
31 -9999  -9999    82 -9999 -9999 -9999    50    30 
30 -9999  -9999   300 -9999 -9999 -9999    40    51 
30 -9999  -9999   600 -9999 -9999 -9999    45    61 
30 -9999  -9999   900 -9999 -9999 -9999    55    92 
30 -9999  -9999  2100 -9999 -9999 -9999    90    97 
30 -9999  -9999  2400 -9999 -9999 -9999   100    97 
#BRM00082571 1979 01 04 12 9999    6          usaf-ds3  -55000  -452670
31 -9999  -9999    82 -9999 -9999 -9999    50    15 
30 -9999  -9999   300 -9999 -9999 -9999   260    30 
30 -9999  -9999   600 -9999 -9999 -9999   355    51 
30 -9999  -9999   900 -9999 -9999 -9999   350    56 
30 -9999  -9999  2400 -9999 -9999 -9999   100   108 
30 -9999  -9999  4200 -9999 -9999 -9999    55    51 
#BRM00082571 1979 04 06 12 9999    9 usaf-ds3 usaf-ds3  -55000  -452670
10 -9999  85000 -9999 -9999 -9999 -9999   130    67 
10 -9999  70000 -9999 -9999 -9999 -9999   100    61 
31 -9999  -9999    82 -9999 -9999 -9999   180    15 
30 -9999  -9999   300 -9999 -9999 -9999    70    20 
30 -9999  -9999   600 -9999 -9999 -9999    40    25 
30 -9999  -9999   900 -9999 -9999 -9999   125    41 
30 -9999  -9999  2100 -9999 -9999 -9999   115    82 
30 -9999  -9999  2400 -9999 -9999 -9999   285    61 
30 -9999  -9999  4200 -9999 -9999 -9999   100    51 
#BRM00082571 1979 04 15 12 9999    5 usaf-ds3 usaf-ds3  -55000  -452670
10 -9999  85000 -9999 -9999 -9999 -9999    85   128 
10 -9999  70000 -9999 -9999 -9999 -9999    85   139 
30 -9999  -9999   900 -9999 -9999 -9999    90   108 
30 -9999  -9999  2100 -9999 -9999 -9999    85   154 
30 -9999  -9999  2400 -9999 -9999 -9999    85   139 
#BRM00082571 1979 04 30 12 9999    8 usaf-ds3 usaf-ds3  -55000  -452670
10 -9999  85000 -9999 -9999 -9999 -9999    70   103 
10 -9999  70000 -9999 -9999 -9999 -9999   115   139 
31 -9999  -9999    82 -9999 -9999 -9999    90    30 
30 -9999  -9999   300 -9999 -9999 -9999   110    46 
30 -9999  -9999   600 -9999 -9999 -9999   110    72 
30 -9999  -9999   900 -9999 -9999 -9999    90   113 
30 -9999  -9999  2100 -9999 -9999 -9999    75   123 
30 -9999  -9999  2400 -9999 -9999 -9999    90   128 
#BRM00082571 1979 05 09 12 9999    6          usaf-ds3  -55000  -452670
31 -9999  -9999    82 -9999 -9999 -9999    90    15 
30 -9999  -9999   300 -9999 -9999 -9999   115    15 
30 -9999  -9999   600 -9999 -9999 -9999   110    67 
30 -9999  -9999   900 -9999 -9999 -9999   105   103 
30 -9999  -9999  2100 -9999 -9999 -9999   110    61 
30 -9999  -9999  2700 -9999 -9999 -9999   135    51 
#BRM00082571 1979 05 10 12 9999   10 usaf-ds3 usaf-ds3  -55000  -452670
10 -9999  85000 -9999 -9999 -9999 -9999   110    77 
10 -9999  70000 -9999 -9999 -9999 -9999   110    20 
10 -9999  50000 -9999 -9999 -9999 -9999    65    61 
31 -9999  -9999    82 -9999 -9999 -9999   230    10 
30 -9999  -9999   300 -9999 -9999 -9999   160    30 
30 -9999  -9999   600 -9999 -9999 -9999   125    97 
30 -9999  -9999   900 -9999 -9999 -9999   120    87 
30 -9999  -9999  2100 -9999 -9999 -9999   115    72 
30 -9999  -9999  2400 -9999 -9999 -9999   115    67 
30 -9999  -9999  6000 -9999 -9999 -9999    50    51 
#BRM00082571 1979 05 15 12 9999    8 usaf-ds3 usaf-ds3  -55000  -452670
10 -9999  85000 -9999 -9999 -9999 -9999   105    77 
10 -9999  70000 -9999 -9999 -9999 -9999   250    51 
31 -9999  -9999    82 -9999 -9999 -9999    50    15 
30 -9999  -9999   300 -9999 -9999 -9999    50    41 
30 -9999  -9999   600 -9999 -9999 -9999    70    72 
30 -9999  -9999   900 -9999 -9999 -9999   100    82 
30 -9999  -9999  2100 -9999 -9999 -9999   100    41 
30 -9999  -9999  2400 -9999 -9999 -9999   145    30 
#BRM00082571 1979 05 17 12 9999    6          usaf-ds3  -55000  -452670
31 -9999  -9999    82 -9999 -9999 -9999   140    15 
30 -9999  -9999   300 -9999 -9999 -9999   125    56 
30 -9999  -9999   600 -9999 -9999 -9999   120    92 
30 -9999  -9999   900 -9999 -9999 -9999   115   134 
30 -9999  -9999  2100 -9999 -9999 -9999   110   128 
30 -9999  -9999  2400 -9999 -9999 -9999   110   128 
#BRM00082571 1979 05 18 12 9999    6          usaf-ds3  -55000  -452670
31 -9999  -9999    82 -9999 -9999 -9999   140    30 
30 -9999  -9999   300 -9999 -9999 -9999   125    72 
30 -9999  -9999   600 -9999 -9999 -9999   110   118 
30 -9999  -9999   900 -9999 -9999 -9999   100    97 
30 -9999  -9999  2100 -9999 -9999 -9999    95   128 
30 -9999  -9999  2400 -9999 -9999 -9999    85   118 
#BRM00082571 1979 05 20 12 9999    4 usaf-ds3           -55000  -452670
10 -9999  85000 -9999 -9999 -9999 -9999   110   118 
10 -9999  70000 -9999 -9999 -9999 -9999   150    56 
10 -9999  50000 -9999 -9999 -9999 -9999    65   113 
10 -9999  40000 -9999 -9999 -9999 -9999    40    92 
#BRM00082571 1979 05 21 12 9999    9 usaf-ds3 usaf-ds3  -55000  -452670
10 -9999  85000 -9999 -9999 -9999 -9999    95    82 
10 -9999  70000 -9999 -9999 -9999 -9999    15    67 
31 -9999  -9999    82 -9999 -9999 -9999   230    15 
30 -9999  -9999   300 -9999 -9999 -9999   145    51 
30 -9999  -9999   600 -9999 -9999 -9999   110   123 
30 -9999  -9999   900 -9999 -9999 -9999   105   123 
30 -9999  -9999  2100 -9999 -9999 -9999    80    82 
30 -9999  -9999  2400 -9999 -9999 -9999    80    67 
30 -9999  -9999  4200 -9999 -9999 -9999    60    72 
#BRM00082571 1979 05 22 12 9999    9 usaf-ds3 usaf-ds3  -55000  -452670
10 -9999  85000 -9999 -9999 -9999 -9999    90    87 
10 -9999  70000 -9999 -9999 -9999 -9999    50    87 
31 -9999  -9999    82 -9999 -9999 -9999   140    20 
30 -9999  -9999   300 -9999 -9999 -9999   115    56 
30 -9999  -9999   600 -9999 -9999 -9999    95   103 
30 -9999  -9999   900 -9999 -9999 -9999    90   118 
30 -9999  -9999  2100 -9999 -9999 -9999   100    67 
30 -9999  -9999  2400 -9999 -9999 -9999    90    36 
30 -9999  -9999  4200 -9999 -9999 -9999    75    72 
#BRM00082571 1979 06 03 12 9999   13 usaf-ds3 usaf-ds3  -55000  -452670
10 -9999  85000 -9999 -9999 -9999 -9999   100   144 
10 -9999  70000 -9999 -9999 -9999 -9999   100    67 
10 -9999  50000 -9999 -9999 -9999 -9999    85    87 
10 -9999  40000 -9999 -9999 -9999 -9999    40    41 
10 -9999  30000 -9999 -9999 -9999 -9999   260    30 
10 -9999  25000 -9999 -9999 -9999 -9999    60     5 
31 -9999  -9999    82 -9999 -9999 -9999   140    30 
30 -9999  -9999   600 -9999 -9999 -9999   120    97 
30 -9999  -9999   900 -9999 -9999 -9999   110   149 
30 -9999  -9999  2100 -9999 -9999 -9999    95    97 
30 -9999  -9999  2400 -9999 -9999 -9999    90   108 
30 -9999  -9999  6000 -9999 -9999 -9999    80    87 
30 -9999  -9999  8100 -9999 -9999 -9999    10    77 
#BRM00082571 1979 06 05 12 9999   10 usaf-ds3 usaf-ds3  -55000  -452670
10 -9999  85000 -9999 -9999 -9999 -9999   125   128 
10 -9999  70000 -9999 -9999 -9999 -9999    30    72 
10 -9999  50000 -9999 -9999 -9999 -9999    65    82 
31 -9999  -9999    82 -9999 -9999 -9999   230    15 
30 -9999  -9999   300 -9999 -9999 -9999   170    36 
30 -9999  -9999   600 -9999 -9999 -9999   115    87 
30 -9999  -9999   900 -9999 -9999 -9999   120   118 
30 -9999  -9999  2100 -9999 -9999 -9999   105    97 
30 -9999  -9999  2400 -9999 -9999 -9999   100    87 
30 -9999  -9999  6000 -9999 -9999 -9999    55    87 
#BRM00082571 1979 06 06 12 9999   10 usaf-ds3 usaf-ds3  -55000  -452670
10 -9999  85000 -9999 -9999 -9999 -9999   105   108 
10 -9999  70000 -9999 -9999 -9999 -9999    80    30 
10 -9999  50000 -9999 -9999 -9999 -9999    65    77 
31 -9999  -9999    82 -9999 -9999 -9999   140    15 
30 -9999  -9999   300 -9999 -9999 -9999   130    56 
30 -9999  -9999   600 -9999 -9999 -9999   120   149 
30 -9999  -9999   900 -9999 -9999 -9999   115   221 
30 -9999  -9999  2100 -9999 -9999 -9999   105    72 
30 -9999  -9999  2400 -9999 -9999 -9999   105    36 
30 -9999  -9999  6000 -9999 -9999 -9999    90    67 
#BRM00082571 1979 06 07 12 9999   10 usaf-ds3 usaf-ds3  -55000  -452670
10 -9999  85000 -9999 -9999 -9999 -9999    85   123 
10 -9999  70000 -9999 -9999 -9999 -9999    70    51 
10 -9999  50000 -9999 -9999 -9999 -9999   120    51 
31 -9999  -9999    82 -9999 -9999 -9999   140    25 
30 -9999  -9999   300 -9999 -9999 -9999   120    61 
30 -9999  -9999   600 -9999 -9999 -9999   105   139 
30 -9999  -9999   900 -9999 -9999 -9999   100   154 
30 -9999  -9999  2100 -9999 -9999 -9999    90    87 
30 -9999  -9999  2400 -9999 -9999 -9999    85    82 
30 -9999  -9999  6000 -9999 -9999 -9999   120    36 
#BRM00082571 1979 06 09 12 9999   14 usaf-ds3 usaf-ds3  -55000  -452670
10 -9999  85000 -9999 -9999 -9999 -9999   115    41 
10 -9999  70000 -9999 -9999 -9999 -9999   100    41 
10 -9999  50000 -9999 -9999 -9999 -9999    15    87 
10 -9999  40000 -9999 -9999 -9999 -9999    20    82 
10 -9999  30000 -9999 -9999 -9999 -9999    90    51 
10 -9999  25000 -9999 -9999 -9999 -9999    25    46 
31 -9999  -9999    82 -9999 -9999 -9999   180    10 
30 -9999  -9999   300 -9999 -9999 -9999   145    36 
30 -9999  -9999   600 -9999 -9999 -9999   125   128 
30 -9999  -9999   900 -9999 -9999 -9999   120   134 
30 -9999  -9999  2100 -9999 -9999 -9999   115    51 
30 -9999  -9999  2400 -9999 -9999 -9999   130    30 
30 -9999  -9999  6000 -9999 -9999 -9999    25    97 
30 -9999  -9999  8100 -9999 -9999 -9999    40   108 
#BRM00082571 1979 06 10 12 9999   10 usaf-ds3 usaf-ds3  -55000  -452670
10 -9999  85000 -9999 -9999 -9999 -9999    95   113 
10 -9999  70000 -9999 -9999 -9999 -9999    70    56 
10 -9999  50000 -9999 -9999 -9999 -9999   100    46 
31 -9999  -9999    82 -9999 -9999 -9999    90    15 
30 -9999  -9999   300 -9999 -9999 -9999   100    41 
30 -9999  -9999   600 -9999 -9999 -9999   110   123 
30 -9999  -9999   900 -9999 -9999 -9999   100   159 
30 -9999  -9999  2100 -9999 -9999 -9999   100    87 
30 -9999  -9999  2400 -9999 -9999 -9999    90    92 
30 -9999  -9999  6000 -9999 -9999 -9999   115    51 
#BRM00082571 1979 06 13 12 9999    8 usaf-ds3 usaf-ds3  -55000  -452670
10 -9999  85000 -9999 -9999 -9999 -9999    80    77 
10 -9999  70000 -9999 -9999 -9999 -9999   100   113 
10 -9999  50000 -9999 -9999 -9999 -9999    70   154 
10 -9999  40000 -9999 -9999 -9999 -9999    90   144 
31 -9999  -9999    82 -9999 -9999 -9999   320    10 
30 -9999  -9999   300 -9999 -9999 -9999   170    41 
30 -9999  -9999   600 -9999 -9999 -9999   105   108 
30 -9999  -9999  6000 -9999 -9999 -9999    80   175 
#BRM00082571 1979 06 16 12 9999   12 usaf-ds3 usaf-ds3  -55000  -452670
10 -9999  85000 -9999 -9999 -9999 -9999   115   113 
10 -9999  70000 -9999 -9999 -9999 -9999   150    72 
10 -9999  50000 -9999 -9999 -9999 -9999    80   134 
10 -9999  40000 -9999 -9999 -9999 -9999    85   139 
31 -9999  -9999    82 -9999 -9999 -9999   140    20 
30 -9999  -9999   300 -9999 -9999 -9999   130    51 
30 -9999  -9999   600 -9999 -9999 -9999   125   144 
30 -9999  -9999   900 -9999 -9999 -9999   125   180 
30 -9999  -9999  2100 -9999 -9999 -9999   110    51 
30 -9999  -9999  2400 -9999 -9999 -9999   125    36 
30 -9999  -9999  6000 -9999 -9999 -9999    85   180 
30 -9999  -9999  8100 -9999 -9999 -9999    90   149 
#BRM00082571 1979 06 17 12 9999   10 usaf-ds3 usaf-ds3  -55000  -452670
10 -9999  85000 -9999 -9999 -9999 -9999   110   185 
10 -9999  70000 -9999 -9999 -9999 -9999    30    72 
10 -9999  50000 -9999 -9999 -9999 -9999    60   175 
31 -9999  -9999    82 -9999 -9999 -9999   140    10 
30 -9999  -9999   300 -9999 -9999 -9999   135    67 
30 -9999  -9999   600 -9999 -9999 -9999   130   123 
30 -9999  -9999   900 -9999 -9999 -9999   130   149 
30 -9999  -9999  2100 -9999 -9999 -9999   100   103 
30 -9999  -9999  2400 -9999 -9999 -9999    80    67 
30 -9999  -9999  4200 -9999 -9999 -9999    85    92 
#BRM00082571 1979 06 18 12 9999   14 usaf-ds3 usaf-ds3  -55000  -452670
10 -9999  85000 -9999 -9999 -9999 -9999   115   139 
10 -9999  70000 -9999 -9999 -9999 -9999   330    56 
10 -9999  50000 -9999 -9999 -9999 -9999    65    87 
10 -9999  40000 -9999 -9999 -9999 -9999    70   149 
10 -9999  30000 -9999 -9999 -9999 -9999    70    87 
10 -9999  25000 -9999 -9999 -9999 -9999    55    72 
31 -9999  -9999    82 -9999 -9999 -9999   140    30 
30 -9999  -9999   300 -9999 -9999 -9999   130    97 
30 -9999  -9999   600 -9999 -9999 -9999   125   134 
30 -9999  -9999   900 -9999 -9999 -9999   125   128 
30 -9999  -9999  2100 -9999 -9999 -9999   100   113 
30 -9999  -9999  2400 -9999 -9999 -9999    95    67 
30 -9999  -9999  6000 -9999 -9999 -9999    75   108 
30 -9999  -9999  8100 -9999 -9999 -9999   100   103 
#BRM00082571 1979 06 19 12 9999    9 usaf-ds3 usaf-ds3  -55000  -452670
10 -9999  85000 -9999 -9999 -9999 -9999    80   103 
10 -9999  70000 -9999 -9999 -9999 -9999    75    30 
10 -9999  50000 -9999 -9999 -9999 -9999    65   134 
31 -9999  -9999    82 -9999 -9999 -9999   230     5 
30 -9999  -9999   300 -9999 -9999 -9999   160    36 
30 -9999  -9999   600 -9999 -9999 -9999   120    82 
30 -9999  -9999   900 -9999 -9999 -9999   110   154 
30 -9999  -9999  2100 -9999 -9999 -9999    70    97 
30 -9999  -9999  2400 -9999 -9999 -9999    75    36 
#BRM00082571 1979 06 20 12 9999   14 usaf-ds3 usaf-ds3  -55000  -452670
10 -9999  85000 -9999 -9999 -9999 -9999   100    97 
10 -9999  70000 -9999 -9999 -9999 -9999    90    56 
10 -9999  50000 -9999 -9999 -9999 -9999    95    97 
10 -9999  40000 -9999 -9999 -9999 -9999    85    87 
10 -9999  30000 -9999 -9999 -9999 -9999    60   113 
10 -9999  25000 -9999 -9999 -9999 -9999    40   175 
31 -9999  -9999    82 -9999 -9999 -9999   140    30 
30 -9999  -9999   300 -9999 -9999 -9999   130   108 
30 -9999  -9999   600 -9999 -9999 -9999   130   139 
30 -9999  -9999   900 -9999 -9999 -9999   120   123 
30 -9999  -9999  2100 -9999 -9999 -9999   100    82 
30 -9999  -9999  2400 -9999 -9999 -9999   105    77 
30 -9999  -9999  6000 -9999 -9999 -9999    90   134 
30 -9999  -9999  8100 -9999 -9999 -9999    80    67 
#BRM00082571 1979 06 21 12 9999    9 usaf-ds3 usaf-ds3  -55000  -452670
10 -9999  85000 -9999 -9999 -9999 -9999    90   123 
10 -9999  70000 -9999 -9999 -9999 -9999    90    82 
31 -9999  -9999    82 -9999 -9999 -9999   140    30 
30 -9999  -9999   300 -9999 -9999 -9999   130    56 
30 -9999  -9999   600 -9999 -9999 -9999   120   108 
30 -9999  -9999   900 -9999 -9999 -9999   110   144 
30 -9999  -9999  2100 -9999 -9999 -9999    90    87 
30 -9999  -9999  2400 -9999 -9999 -9999    95    92 
30 -9999  -9999  4200 -9999 -9999 -9999    45    67 
#BRM00082571 1979 06 22 12 9999    8 usaf-ds3 usaf-ds3  -55000  -452670
10 -9999  85000 -9999 -9999 -9999 -9999    85   128 
10 -9999  70000 -9999 -9999 -9999 -9999    60    56 
31 -9999  -9999    82 -9999 -9999 -9999   140    20 
30 -9999  -9999   300 -9999 -9999 -9999   130    72 
30 -9999  -9999   600 -9999 -9999 -9999   120   149 
30 -9999  -9999   900 -9999 -9999 -9999   115   180 
30 -9999  -9999  2100 -9999 -9999 -9999    90   103 
30 -9999  -9999  2400 -9999 -9999 -9999    90   123 
#BRM00082571 1979 06 23 12 9999   10 usaf-ds3 usaf-ds3  -55000  -452670
10 -9999  85000 -9999 -9999 -9999 -9999    85   128 
10 -9999  70000 -9999 -9999 -9999 -9999    80    77 
10 -9999  50000 -9999 -9999 -9999 -9999   100    92 
31 -9999  -9999    82 -9999 -9999 -9999   140     5 
30 -9999  -9999   300 -9999 -9999 -9999   135    61 
30 -9999  -9999   600 -9999 -9999 -9999   125   128 
30 -9999  -9999   900 -9999 -9999 -9999   110   154 
30 -9999  -9999  2100 -9999 -9999 -9999   100   103 
30 -9999  -9999  2400 -9999 -9999 -9999   105    87 
30 -9999  -9999  4200 -9999 -9999 -9999    40    82 
#BRM00082571 1979 06 24 12 9999   12 usaf-ds3 usaf-ds3  -55000  -452670
10 -9999  85000 -9999 -9999 -9999 -9999    80   113 
10 -9999  70000 -9999 -9999 -9999 -9999   110    41 
10 -9999  50000 -9999 -9999 -9999 -9999    95    72 
10 -9999  40000 -9999 -9999 -9999 -9999    45    67 
31 -9999  -9999    82 -9999 -9999 -9999   140    25 
30 -9999  -9999   300 -9999 -9999 -9999   130    61 
30 -9999  -9999   600 -9999 -9999 -9999   115   128 
30 -9999  -9999   900 -9999 -9999 -9999    95   149 
30 -9999  -9999  2100 -9999 -9999 -9999    95   103 
30 -9999  -9999  2400 -9999 -9999 -9999   100    82 
30 -9999  -9999  6000 -9999 -9999 -9999    80    56 
30 -9999  -9999  8100 -9999 -9999 -9999    80    41 
#BRM00082571 1979 06 25 12 9999   11 usaf-ds3 usaf-ds3  -55000  -452670
10 -9999  85000 -9999 -9999 -9999 -9999    95    97 
10 -9999  70000 -9999 -9999 -9999 -9999   135    51 
10 -9999  50000 -9999 -9999 -9999 -9999    70    72 
10 -9999  40000 -9999 -9999 -9999 -9999   230    72 
31 -9999  -9999    82 -9999 -9999 -9999   140    20 
30 -9999  -9999   300 -9999 -9999 -9999   140    72 
30 -9999  -9999   600 -9999 -9999 -9999   120   164 
30 -9999  -9999   900 -9999 -9999 -9999   110   164 
30 -9999  -9999  2100 -9999 -9999 -9999   105   128 
30 -9999  -9999  2400 -9999 -9999 -9999   115    56 
30 -9999  -9999  6000 -9999 -9999 -9999    60    72 
#BRM00082571 1979 06 26 12 9999   10 usaf-ds3 usaf-ds3  -55000  -452670
10 -9999  85000 -9999 -9999 -9999 -9999    90   103 
10 -9999  70000 -9999 -9999 -9999 -9999    95    77 
10 -9999  50000 -9999 -9999 -9999 -9999    70   113 
31 -9999  -9999    82 -9999 -9999 -9999   140    30 
30 -9999  -9999   300 -9999 -9999 -9999   130    72 
30 -9999  -9999   600 -9999 -9999 -9999   110   154 
30 -9999  -9999   900 -9999 -9999 -9999    95   159 
30 -9999  -9999  2100 -9999 -9999 -9999    90    72 
30 -9999  -9999  2400 -9999 -9999 -9999   100    51 
30 -9999  -9999  6000 -9999 -9999 -9999    55   108 
#BRM00082571 1979 06 28 12 9999   11 usaf-ds3 usaf-ds3  -55000  -452670
10 -9999  85000 -9999 -9999 -9999 -9999    95   108 
10 -9999  70000 -9999 -9999 -9999 -9999   160   103 
10 -9999  50000 -9999 -9999 -9999 -9999   260    36 
10 -9999  40000 -9999 -9999 -9999 -9999   160    77 
31 -9999  -9999    82 -9999 -9999 -9999   140     5 
30 -9999  -9999   300 -9999 -9999 -9999   120    46 
30 -9999  -9999   600 -9999 -9999 -9999   110   103 
30 -9999  -9999   900 -9999 -9999 -9999   105   123 
30 -9999  -9999  2100 -9999 -9999 -9999   110    51 
30 -9999  -9999  2400 -9999 -9999 -9999   130    46 
30 -9999  -9999  6000 -9999 -9999 -9999    80     5 
#BRM00082571 1979 06 29 12 9999   13 usaf-ds3 usaf-ds3  -55000  -452670
10 -9999  85000 -9999 -9999 -9999 -9999   100   108 
10 -9999  70000 -9999 -9999 -9999 -9999   115    36 
10 -9999  50000 -9999 -9999 -9999 -9999    20    20 
10 -9999  40000 -9999 -9999 -9999 -9999   185   123 
10 -9999  30000 -9999 -9999 -9999 -9999    25    87 
10 -9999  25000 -9999 -9999 -9999 -9999   305    56 
31 -9999  -9999    82 -9999 -9999 -9999    50    20 
30 -9999  -9999   300 -9999 -9999 -9999    85    41 
30 -9999  -9999   600 -9999 -9999 -9999   105   103 
30 -9999  -9999   900 -9999 -9999 -9999   105   154 
30 -9999  -9999  2100 -9999 -9999 -9999   105    72 
30 -9999  -9999  2400 -9999 -9999 -9999   100    87 
30 -9999  -9999  6000 -9999 -9999 -9999    40    15 
#BRM00082571 1979 06 30 12 9999   14 usaf-ds3 usaf-ds3  -55000  -452670
10 -9999  85000 -9999 -9999 -9999 -9999    80   128 
10 -9999  70000 -9999 -9999 -9999 -9999    55    77 
10 -9999  50000 -9999 -9999 -9999 -9999   215    30 
10 -9999  40000 -9999 -9999 -9999 -9999   160   113 
10 -9999  30000 -9999 -9999 -9999 -9999   280    51 
10 -9999  25000 -9999 -9999 -9999 -9999   205    72 
31 -9999  -9999    82 -9999 -9999 -9999   140    15 
30 -9999  -9999   300 -9999 -9999 -9999   120    51 
30 -9999  -9999   600 -9999 -9999 -9999   110   123 
30 -9999  -9999   900 -9999 -9999 -9999   100   149 
30 -9999  -9999  2100 -9999 -9999 -9999    90    87 
30 -9999  -9999  2400 -9999 -9999 -9999    95    77 
30 -9999  -9999  6000 -9999 -9999 -9999   290    10 
30 -9999  -9999  8100 -9999 -9999 -9999    65    25 
#BRM00082571 1979 07 01 12 9999   14 usaf-ds3 usaf-ds3  -55000  -452670
10 -9999  85000 -9999 -9999 -9999 -9999    85   118 
10 -9999  70000 -9999 -9999 -9999 -9999    75    77 
10 -9999  50000 -9999 -9999 -9999 -9999    80    46 
10 -9999  40000 -9999 -9999 -9999 -9999    20    61 
10 -9999  30000 -9999 -9999 -9999 -9999   195    72 
10 -9999  25000 -9999 -9999 -9999 -9999   210   170 
31 -9999  -9999    82 -9999 -9999 -9999    90    10 
30 -9999  -9999   300 -9999 -9999 -9999    85    20 
30 -9999  -9999   600 -9999 -9999 -9999    95    82 
30 -9999  -9999   900 -9999 -9999 -9999   100   139 
30 -9999  -9999  2400 -9999 -9999 -9999    75   103 
30 -9999  -9999  4200 -9999 -9999 -9999   235    25 
30 -9999  -9999 10000 -9999 -9999 -9999    80    51 
30 -9999  -9999 13500 -9999 -9999 -9999   335    72 
#BRM00082571 1979 07 02 12 9999   12 usaf-ds3 usaf-ds3  -55000  -452670
10 -9999  85000 -9999 -9999 -9999 -9999    85   134 
10 -9999  70000 -9999 -9999 -9999 -9999    75    61 
10 -9999  50000 -9999 -9999 -9999 -9999    45    51 
10 -9999  40000 -9999 -9999 -9999 -9999    15    87 
31 -9999  -9999    82 -9999 -9999 -9999    90    20 
30 -9999  -9999   300 -9999 -9999 -9999    80    46 
30 -9999  -9999   600 -9999 -9999 -9999    75    97 
30 -9999  -9999   900 -9999 -9999 -9999    90   139 
30 -9999  -9999  2100 -9999 -9999 -9999    85    92 
30 -9999  -9999  2400 -9999 -9999 -9999    85    82 
30 -9999  -9999  6000 -9999 -9999 -9999    50    92 
30 -9999  -9999  8100 -9999 -9999 -9999   280    30 
#BRM00082571 1979 07 03 12 9999   14 usaf-ds3 usaf-ds3  -55000  -452670
10 -9999  85000 -9999 -9999 -9999 -9999    85   149 
10 -9999  70000 -9999 -9999 -9999 -9999   100   108 
10 -9999  50000 -9999 -9999 -9999 -9999    55    67 
10 -9999  40000 -9999 -9999 -9999 -9999   340    56 
10 -9999  30000 -9999 -9999 -9999 -9999   255    72 
10 -9999  25000 -9999 -9999 -9999 -9999   275    97 
31 -9999  -9999    82 -9999 -9999 -9999    90    46 
30 -9999  -9999   300 -9999 -9999 -9999    95    61 
30 -9999  -9999   600 -9999 -9999 -9999   100    97 
30 -9999  -9999   900 -9999 -9999 -9999   110   149 
30 -9999  -9999  2100 -9999 -9999 -9999    80    82 
30 -9999  -9999  2400 -9999 -9999 -9999    95    82 
30 -9999  -9999  6000 -9999 -9999 -9999    70    61 
30 -9999  -9999  8100 -9999 -9999 -9999   330    87 
#BRM00082571 1979 07 04 12 9999   14 usaf-ds3 usaf-ds3  -55000  -452670
10 -9999  85000 -9999 -9999 -9999 -9999    90   159 
10 -9999  70000 -9999 -9999 -9999 -9999    95   103 
10 -9999  50000 -9999 -9999 -9999 -9999    60    61 
10 -9999  40000 -9999 -9999 -9999 -9999   290    67 
10 -9999  30000 -9999 -9999 -9999 -9999   305    56 
10 -9999  25000 -9999 -9999 -9999 -9999   270   170 
31 -9999  -9999    82 -9999 -9999 -9999    90    36 
30 -9999  -9999   300 -9999 -9999 -9999    95    92 
30 -9999  -9999   600 -9999 -9999 -9999   100   128 
30 -9999  -9999   900 -9999 -9999 -9999   100   164 
30 -9999  -9999  2100 -9999 -9999 -9999    85   139 
30 -9999  -9999  2400 -9999 -9999 -9999    90    51 
30 -9999  -9999  6000 -9999 -9999 -9999    55    72 
30 -9999  -9999  8100 -9999 -9999 -9999   255   108 
#BRM00082571 1979 07 05 12 9999    8 usaf-ds3 usaf-ds3  -55000  -452670
10 -9999  85000 -9999 -9999 -9999 -9999    85   185 
10 -9999  70000 -9999 -9999 -9999 -9999    70   216 
31 -9999  -9999    82 -9999 -9999 -9999   140    41 
30 -9999  -9999   300 -9999 -9999 -9999   130    61 
30 -9999  -9999   600 -9999 -9999 -9999   115   159 
30 -9999  -9999   900 -9999 -9999 -9999   100   170 
30 -9999  -9999  2100 -9999 -9999 -9999    80   144 
30 -9999  -9999  2400 -9999 -9999 -9999    75   139 
#BRM00082571 1979 07 06 12 9999    8 usaf-ds3 usaf-ds3  -55000  -452670
10 -9999  85000 -9999 -9999 -9999 -9999    90   123 
10 -9999  70000 -9999 -9999 -9999 -9999    90   170 
31 -9999  -9999    82 -9999 -9999 -9999    90    30 
30 -9999  -9999   300 -9999 -9999 -9999   115    61 
30 -9999  -9999   600 -9999 -9999 -9999   125   123 
30 -9999  -9999   900 -9999 -9999 -9999   110   144 
30 -9999  -9999  2100 -9999 -9999 -9999    85   103 
30 -9999  -9999  2400 -9999 -9999 -9999    75   128 
#BRM00082571 1979 07 07 12 9999   13 usaf-ds3 usaf-ds3  -55000  -452670
10 -9999  85000 -9999 -9999 -9999 -9999   105    97 
10 -9999  70000 -9999 -9999 -9999 -9999    70   123 
10 -9999  50000 -9999 -9999 -9999 -9999   105   103 
10 -9999  40000 -9999 -9999 -9999 -9999    90    36 
10 -9999  30000 -9999 -9999 -9999 -9999   195    41 
31 -9999  -9999    82 -9999 -9999 -9999   140    46 
30 -9999  -9999   300 -9999 -9999 -9999   135    67 
30 -9999  -9999   600 -9999 -9999 -9999   130   123 
30 -9999  -9999   900 -9999 -9999 -9999   120   139 
30 -9999  -9999  2100 -9999 -9999 -9999    95    72 
30 -9999  -9999  2400 -9999 -9999 -9999    85    82 
30 -9999  -9999  6000 -9999 -9999 -9999   110    77 
30 -9999  -9999  8100 -9999 -9999 -9999   110    51 
#BRM00082571 1979 07 08 12 9999   10 usaf-ds3 usaf-ds3  -55000  -452670
10 -9999  85000 -9999 -9999 -9999 -9999    90    82 
10 -9999  70000 -9999 -9999 -9999 -9999    75    77 
10 -9999  50000 -9999 -9999 -9999 -9999    95    61 
31 -9999  -9999    82 -9999 -9999 -9999   230    10 
30 -9999  -9999   300 -9999 -9999 -9999   165    56 
30 -9999  -9999   600 -9999 -9999 -9999   125   139 
30 -9999  -9999   900 -9999 -9999 -9999   120   139 
30 -9999  -9999  2100 -9999 -9999 -9999    90   108 
30 -9999  -9999  2400 -9999 -9999 -9999    80   108 
30 -9999  -9999  6000 -9999 -9999 -9999   105    51 
#BRM00082571 1979 07 09 12 9999   14 usaf-ds3 usaf-ds3  -55000  -452670
10 -9999  85000 -9999 -9999 -9999 -9999   115   123 
10 -9999  70000 -9999 -9999 -9999 -9999    25    72 
10 -9999  50000 -9999 -9999 -9999 -9999    90    51 
10 -9999  40000 -9999 -9999 -9999 -9999   345   123 
10 -9999  30000 -9999 -9999 -9999 -9999   335    97 
10 -9999  25000 -9999 -9999 -9999 -9999   330   175 
31 -9999  -9999    82 -9999 -9999 -9999   140    30 
30 -9999  -9999   300 -9999 -9999 -9999   135    51 
30 -9999  -9999   600 -9999 -9999 -9999   115   144 
30 -9999  -9999   900 -9999 -9999 -9999   110   139 
30 -9999  -9999  2100 -9999 -9999 -9999   115    92 
30 -9999  -9999  2400 -9999 -9999 -9999    95    61 
30 -9999  -9999  6000 -9999 -9999 -9999    75    30 
30 -9999  -9999  8100 -9999 -9999 -9999   335   113 
#BRM00082571 1979 07 10 12 9999   14 usaf-ds3 usaf-ds3  -55000  -452670
10 -9999  85000 -9999 -9999 -9999 -9999   100   118 
10 -9999  70000 -9999 -9999 -9999 -9999    65    92 
10 -9999  50000 -9999 -9999 -9999 -9999   160    51 
10 -9999  40000 -9999 -9999 -9999 -9999    10    77 
10 -9999  30000 -9999 -9999 -9999 -9999   350   144 
10 -9999  25000 -9999 -9999 -9999 -9999   335   118 
31 -9999  -9999    82 -9999 -9999 -9999    50    15 
30 -9999  -9999   300 -9999 -9999 -9999    65    36 
30 -9999  -9999   600 -9999 -9999 -9999    85    87 
30 -9999  -9999   900 -9999 -9999 -9999   100   123 
30 -9999  -9999  2100 -9999 -9999 -9999   120    92 
30 -9999  -9999  2400 -9999 -9999 -9999   125    82 
30 -9999  -9999  6000 -9999 -9999 -9999   115    36 
30 -9999  -9999  8100 -9999 -9999 -9999   305    10 
#BRM00082571 1979 07 12 12 9999    6 usaf-ds3 usaf-ds3  -55000  -452670
10 -9999  85000 -9999 -9999 -9999 -9999   100   108 
10 -9999  70000 -9999 -9999 -9999 -9999   215    30 
30 -9999  -9999   900 -9999 -9999 -9999    85    61 
30 -9999  -9999  2100 -9999 -9999 -9999   145    77 
30 -9999  -9999  2400 -9999 -9999 -9999   155    61 
30 -9999  -9999  4200 -9999 -9999 -9999    20    46 
#BRM00082571 1979 07 13 12 9999   13 usaf-ds3 usaf-ds3  -55000  -452670
10 -9999  85000 -9999 -9999 -9999 -9999    85    97 
10 -9999  70000 -9999 -9999 -9999 -9999   230    51 
10 -9999  50000 -9999 -9999 -9999 -9999    15    15 
10 -9999  40000 -9999 -9999 -9999 -9999   350    30 
10 -9999  30000 -9999 -9999 -9999 -9999   315    72 
10 -9999  25000 -9999 -9999 -9999 -9999   230   123 
31 -9999  -9999    82 -9999 -9999 -9999   140    25 
30 -9999  -9999   300 -9999 -9999 -9999   115    56 
30 -9999  -9999   600 -9999 -9999 -9999    95    92 
30 -9999  -9999   900 -9999 -9999 -9999    95   113 
30 -9999  -9999  2100 -9999 -9999 -9999   115    36 
30 -9999  -9999  6000 -9999 -9999 -9999   110    15 
30 -9999  -9999  8100 -9999 -9999 -9999    20    82 
#BRM00082571 1979 07 14 12 9999   11 usaf-ds3 usaf-ds3  -55000  -452670
10 -9999  85000 -9999 -9999 -9999 -9999    95    61 
10 -9999  70000 -9999 -9999 -9999 -9999    40    25 
10 -9999  50000 -9999 -9999 -9999 -9999   330    30 
10 -9999  40000 -9999 -9999 -9999 -9999    40   103 
10 -9999  30000 -9999 -9999 -9999 -9999   340    82 
31 -9999  -9999    82 -9999 -9999 -9999   140    30 
30 -9999  -9999   300 -9999 -9999 -9999   115    61 
30 -9999  -9999   600 -9999 -9999 -9999   100   108 
30 -9999  -9999   900 -9999 -9999 -9999    95   144 
30 -9999  -9999  2100 -9999 -9999 -9999   120    72 
30 -9999  -9999  2400 -9999 -9999 -9999   125    51 
#BRM00082571 1979 07 15 12 9999   13 usaf-ds3 usaf-ds3  -55000  -452670
10 -9999  85000 -9999 -9999 -9999 -9999    80   128 
10 -9999  70000 -9999 -9999 -9999 -9999    50    30 
10 -9999  50000 -9999 -9999 -9999 -9999    50    10 
10 -9999  40000 -9999 -9999 -9999 -9999    50   118 
10 -9999  30000 -9999 -9999 -9999 -9999   280   139 
31 -9999  -9999    82 -9999 -9999 -9999   180    15 
30 -9999  -9999   300 -9999 -9999 -9999   135    25 
30 -9999  -9999   600 -9999 -9999 -9999    95    82 
30 -9999  -9999   900 -9999 -9999 -9999    95    82 
30 -9999  -9999  2100 -9999 -9999 -9999    90    92 
30 -9999  -9999  2400 -9999 -9999 -9999   110    56 
30 -9999  -9999  6000 -9999 -9999 -9999    60    30 
30 -9999  -9999  8100 -9999 -9999 -9999   335    82 
#BRM00082571 1979 07 24 12 9999    9 usaf-ds3 usaf-ds3  -55000  -452670
10 -9999  85000 -9999 -9999 -9999 -9999   105   149 
10 -9999  70000 -9999 -9999 -9999 -9999   100    82 
31 -9999  -9999    82 -9999 -9999 -9999    50    25 
30 -9999  -9999   300 -9999 -9999 -9999    65    36 
30 -9999  -9999   600 -9999 -9999 -9999    90   139 
30 -9999  -9999   900 -9999 -9999 -9999    95   144 
30 -9999  -9999  2100 -9999 -9999 -9999   100   139 
30 -9999  -9999  2400 -9999 -9999 -9999   105   118 
30 -9999  -9999  4200 -9999 -9999 -9999    35    77 
#BRM00082571 1979 07 25 12 9999   10 usaf-ds3 usaf-ds3  -55000  -452670
10 -9999  85000 -9999 -9999 -9999 -9999   100   123 
10 -9999  70000 -9999 -9999 -9999 -9999   140    82 
10 -9999  50000 -9999 -9999 -9999 -9999   110   118 
10 -9999  40000 -9999 -9999 -9999 -9999   105   128 
10 -9999  30000 -9999 -9999 -9999 -9999   100    82 
10 -9999  25000 -9999 -9999 -9999 -9999   105    67 
30 -9999  -9999   900 -9999 -9999 -9999    95   123 
30 -9999  -9999  2100 -9999 -9999 -9999   105    72 
30 -9999  -9999  2400 -9999 -9999 -9999   115    82 
30 -9999  -9999  6000 -9999 -9999 -9999   130   123 
#BRM00082571 1979 07 27 12 9999   12 usaf-ds3 usaf-ds3  -55000  -452670
10 -9999  85000 -9999 -9999 -9999 -9999   105    97 
10 -9999  70000 -9999 -9999 -9999 -9999    10    36 
10 -9999  50000 -9999 -9999 -9999 -9999    80    92 
10 -9999  40000 -9999 -9999 -9999 -9999   110    82 
31 -9999  -9999    82 -9999 -9999 -9999   180    15 
30 -9999  -9999   300 -9999 -9999 -9999   145    36 
30 -9999  -9999   600 -9999 -9999 -9999   120    77 
30 -9999  -9999   900 -9999 -9999 -9999   105    82 
30 -9999  -9999  2100 -9999 -9999 -9999   150    36 
30 -9999  -9999  2400 -9999 -9999 -9999   100    36 
30 -9999  -9999  6000 -9999 -9999 -9999    85    97 
30 -9999  -9999  8100 -9999 -9999 -9999    95    67 
#BRM00082571 1979 07 28 12 9999   10 usaf-ds3 usaf-ds3  -55000  -452670
10 -9999  85000 -9999 -9999 -9999 -9999   105   170 
10 -9999  70000 -9999 -9999 -9999 -9999    90    25 
10 -9999  50000 -9999 -9999 -9999 -9999    95    92 
10 -9999  30000 -9999 -9999 -9999 -9999   325   128 
31 -9999  -9999    82 -9999 -9999 -9999    90    25 
30 -9999  -9999   300 -9999 -9999 -9999    70    46 
30 -9999  -9999   600 -9999 -9999 -9999   100    67 
30 -9999  -9999   900 -9999 -9999 -9999   110   108 
30 -9999  -9999  2100 -9999 -9999 -9999   125    56 
30 -9999  -9999  2400 -9999 -9999 -9999   145    41 
#BRM00082571 1979 07 29 12 9999   13 usaf-ds3 usaf-ds3  -55000  -452670
10 -9999  85000 -9999 -9999 -9999 -9999    95   123 
10 -9999  70000 -9999 -9999 -9999 -9999    75    51 
10 -9999  50000 -9999 -9999 -9999 -9999    75    61 
10 -9999  40000 -9999 -9999 -9999 -9999    35   108 
10 -9999  30000 -9999 -9999 -9999 -9999   300   113 
31 -9999  -9999    82 -9999 -9999 -9999   140    20 
30 -9999  -9999   300 -9999 -9999 -9999   100    46 
30 -9999  -9999   600 -9999 -9999 -9999    95    97 
30 -9999  -9999   900 -9999 -9999 -9999   100   118 
30 -9999  -9999  2100 -9999 -9999 -9999    95    82 
30 -9999  -9999  2400 -9999 -9999 -9999    95    87 
30 -9999  -9999  6000 -9999 -9999 -9999    60    46 
30 -9999  -9999  8100 -9999 -9999 -9999     5    92 
#BRM00082571 1979 07 30 12 9999   12 usaf-ds3 usaf-ds3  -55000  -452670
10 -9999  85000 -9999 -9999 -9999 -9999    90   159 
10 -9999  70000 -9999 -9999 -9999 -9999    40    41 
10 -9999  50000 -9999 -9999 -9999 -9999    80    87 
10 -9999  40000 -9999 -9999 -9999 -9999    65    87 
31 -9999  -9999    82 -9999 -9999 -9999    90    25 
30 -9999  -9999   300 -9999 -9999 -9999    90    61 
30 -9999  -9999   600 -9999 -9999 -9999   100   103 
30 -9999  -9999   900 -9999 -9999 -9999   110   139 
30 -9999  -9999  2100 -9999 -9999 -9999    90   108 
30 -9999  -9999  2400 -9999 -9999 -9999    90    87 
30 -9999  -9999  6000 -9999 -9999 -9999    85   108 
30 -9999  -9999  8100 -9999 -9999 -9999    40    72 
#BRM00082571 1979 07 31 12 9999    8 usaf-ds3 usaf-ds3  -55000  -452670
10 -9999  85000 -9999 -9999 -9999 -9999    85   134 
10 -9999  70000 -9999 -9999 -9999 -9999    80   123 
31 -9999  -9999    82 -9999 -9999 -9999   140    41 
30 -9999  -9999   300 -9999 -9999 -9999   115    82 
30 -9999  -9999   600 -9999 -9999 -9999   105   113 
30 -9999  -9999   900 -9999 -9999 -9999   105   149 
30 -9999  -9999  2100 -9999 -9999 -9999    85   113 
30 -9999  -9999  2400 -9999 -9999 -9999    85    92 
#BRM00082571 1979 08 01 12 9999   10 usaf-ds3 usaf-ds3  -55000  -452670
10 -9999  85000 -9999 -9999 -9999 -9999   110    97 
10 -9999  70000 -9999 -9999 -9999 -9999   110   103 
10 -9999  50000 -9999 -9999 -9999 -9999   130   149 
31 -9999  -9999    82 -9999 -9999 -9999   140    25 
30 -9999  -9999   300 -9999 -9999 -9999   120    41 
30 -9999  -9999   600 -9999 -9999 -9999   115    61 
30 -9999  -9999   900 -9999 -9999 -9999   125   139 
30 -9999  -9999  2100 -9999 -9999 -9999   110    46 
30 -9999  -9999  2400 -9999 -9999 -9999    85    51 
30 -9999  -9999  6000 -9999 -9999 -9999   145   164 
#BRM00082571 1979 08 02 12 9999   11 usaf-ds3 usaf-ds3  -55000  -452670
10 -9999  85000 -9999 -9999 -9999 -9999    85   134 
10 -9999  70000 -9999 -9999 -9999 -9999    40    36 
10 -9999  50000 -9999 -9999 -9999 -9999   120    72 
10 -9999  40000 -9999 -9999 -9999 -9999    50    61 
31 -9999  -9999    82 -9999 -9999 -9999    90    20 
30 -9999  -9999   300 -9999 -9999 -9999    95    46 
30 -9999  -9999   600 -9999 -9999 -9999   100    87 
30 -9999  -9999   900 -9999 -9999 -9999   105    97 
30 -9999  -9999  2100 -9999 -9999 -9999   100   118 
30 -9999  -9999  2400 -9999 -9999 -9999   105   108 
30 -9999  -9999  8100 -9999 -9999 -9999    30    61 
#BRM00082571 1979 08 04 12 9999   10 usaf-ds3 usaf-ds3  -55000  -452670
10 -9999  85000 -9999 -9999 -9999 -9999    90   123 
10 -9999  70000 -9999 -9999 -9999 -9999    90   123 
10 -9999  50000 -9999 -9999 -9999 -9999    40    82 
31 -9999  -9999    82 -9999 -9999 -9999    90    20 
30 -9999  -9999   300 -9999 -9999 -9999    95    36 
30 -9999  -9999   600 -9999 -9999 -9999    95    82 
30 -9999  -9999   900 -9999 -9999 -9999    95   118 
30 -9999  -9999  2100 -9999 -9999 -9999   105    87 
30 -9999  -9999  2400 -9999 -9999 -9999   120    51 
30 -9999  -9999  6000 -9999 -9999 -9999    40    72 
#BRM00082571 1979 08 05 12 9999    6          usaf-ds3  -55000  -452670
31 -9999  -9999    82 -9999 -9999 -9999    90    30 
30 -9999  -9999   300 -9999 -9999 -9999   110    51 
30 -9999  -9999   600 -9999 -9999 -9999   110    72 
30 -9999  -9999   900 -9999 -9999 -9999   105    97 
30 -9999  -9999  2100 -9999 -9999 -9999   100   108 
30 -9999  -9999  2400 -9999 -9999 -9999   115   123 
#BRM00082571 1979 08 06 12 9999    4          usaf-ds3  -55000  -452670
31 -9999  -9999    82 -9999 -9999 -9999    90    30 
30 -9999  -9999   300 -9999 -9999 -9999   110    51 
30 -9999  -9999   600 -9999 -9999 -9999   120    82 
30 -9999  -9999  4200 -9999 -9999 -9999   105    82 
#BRM00082571 1979 08 07 12 9999    9 usaf-ds3 usaf-ds3  -55000  -452670
10 -9999  85000 -9999 -9999 -9999 -9999    85   154 
10 -9999  70000 -9999 -9999 -9999 -9999    55    87 
31 -9999  -9999    82 -9999 -9999 -9999   320    15 
30 -9999  -9999   300 -9999 -9999 -9999   170    51 
30 -9999  -9999   600 -9999 -9999 -9999    95    56 
30 -9999  -9999   900 -9999 -9999 -9999    90    87 
30 -9999  -9999  2100 -9999 -9999 -9999    75    87 
30 -9999  -9999  2400 -9999 -9999 -9999    45   103 
30 -9999  -9999  4200 -9999 -9999 -9999   125    56 
#BRM00082571 1979 08 08 12 9999   10 usaf-ds3 usaf-ds3  -55000  -452670
10 -9999  85000 -9999 -9999 -9999 -9999    85   113 
10 -9999  70000 -9999 -9999 -9999 -9999    40    67 
10 -9999  50000 -9999 -9999 -9999 -9999   120   134 
31 -9999  -9999    82 -9999 -9999 -9999    90    20 
30 -9999  -9999   300 -9999 -9999 -9999   100    36 
30 -9999  -9999   600 -9999 -9999 -9999   110    41 
30 -9999  -9999   900 -9999 -9999 -9999   110    72 
30 -9999  -9999  2100 -9999 -9999 -9999   100    61 
30 -9999  -9999  2400 -9999 -9999 -9999   100    51 
30 -9999  -9999  8100 -9999 -9999 -9999   140    97 
#BRM00082571 1979 08 09 12 9999   10 usaf-ds3 usaf-ds3  -55000  -452670
10 -9999  85000 -9999 -9999 -9999 -9999    90   108 
10 -9999  70000 -9999 -9999 -9999 -9999    50    72 
10 -9999  50000 -9999 -9999 -9999 -9999   125   108 
31 -9999  -9999    82 -9999 -9999 -9999   140    41 
30 -9999  -9999   300 -9999 -9999 -9999   120    51 
30 -9999  -9999   600 -9999 -9999 -9999   110   108 
30 -9999  -9999   900 -9999 -9999 -9999   100   149 
30 -9999  -9999  2100 -9999 -9999 -9999   100    56 
30 -9999  -9999  2400 -9999 -9999 -9999   125    56 
30 -9999  -9999  6000 -9999 -9999 -9999   120    41 
#BRM00082571 1979 08 10 12 9999    7 usaf-ds3 usaf-ds3  -55000  -452670
10 -9999  85000 -9999 -9999 -9999 -9999   100   128 
10 -9999  70000 -9999 -9999 -9999 -9999   165    77 
10 -9999  50000 -9999 -9999 -9999 -9999   110   108 
10 -9999  40000 -9999 -9999 -9999 -9999   260    51 
31 -9999  -9999    82 -9999 -9999 -9999   100    30 
30 -9999  -9999   300 -9999 -9999 -9999   115    82 
30 -9999  -9999   600 -9999 -9999 -9999   100   123 
#BRM00082571 1979 08 11 12 9999   13 usaf-ds3 usaf-ds3  -55000  -452670
10 -9999  70000 -9999 -9999 -9999 -9999   275    10 
10 -9999  50000 -9999 -9999 -9999 -9999   170    10 
10 -9999  40000 -9999 -9999 -9999 -9999   170    56 
10 -9999  30000 -9999 -9999 -9999 -9999   300    36 
10 -9999  25000 -9999 -9999 -9999 -9999    45    92 
31 -9999  -9999    82 -9999 -9999 -9999    50    15 
30 -9999  -9999   300 -9999 -9999 -9999    60    41 
30 -9999  -9999   600 -9999 -9999 -9999    85    67 
30 -9999  -9999   900 -9999 -9999 -9999   100   149 
30 -9999  -9999  2100 -9999 -9999 -9999   135    41 
30 -9999  -9999  2400 -9999 -9999 -9999   180    36 
30 -9999  -9999  6000 -9999 -9999 -9999   305    36 
30 -9999  -9999  8100 -9999 -9999 -9999    70    51 
#BRM00082571 1979 09 08 12 9999    8 usaf-ds3 usaf-ds3  -55000  -452670
10 -9999  85000 -9999 -9999 -9999 -9999    90   123 
10 -9999  70000 -9999 -9999 -9999 -9999   120    67 
31 -9999  -9999    82 -9999 -9999 -9999    90    25 
30 -9999  -9999   300 -9999 -9999 -9999    85    61 
30 -9999  -9999   600 -9999 -9999 -9999    90    82 
30 -9999  -9999   900 -9999 -9999 -9999    95    67 
30 -9999  -9999  2100 -9999 -9999 -9999    95    97 
30 -9999  -9999  2400 -9999 -9999 -9999   105    82 
#BRM00082571 1979 09 11 12 9999    8 usaf-ds3 usaf-ds3  -55000  -452670
10 -9999  85000 -9999 -9999 -9999 -9999    85   139 
10 -9999  70000 -9999 -9999 -9999 -9999   140    51 
31 -9999  -9999    82 -9999 -9999 -9999    50    30 
30 -9999  -9999   300 -9999 -9999 -9999    80    41 
30 -9999  -9999   600 -9999 -9999 -9999   100    72 
30 -9999  -9999   900 -9999 -9999 -9999    90    87 
30 -9999  -9999  2100 -9999 -9999 -9999    90    67 
30 -9999  -9999  2400 -9999 -9999 -9999    95    67 
#BRM00082571 1979 09 26 12 9999    7          usaf-ds3  -55000  -452670
31 -9999  -9999    82 -9999 -9999 -9999   180     5 
30 -9999  -9999   300 -9999 -9999 -9999   130    15 
30 -9999  -9999   600 -9999 -9999 -9999   100    41 
30 -9999  -9999   900 -9999 -9999 -9999   110    82 
30 -9999  -9999  2100 -9999 -9999 -9999   100   144 
30 -9999  -9999  2400 -9999 -9999 -9999   100   123 
30 -9999  -9999  4200 -9999 -9999 -9999   115    41 
#BRM00082571 1979 10 01 12 9999    6          usaf-ds3  -55000  -452670
31 -9999  -9999    82 -9999 -9999 -9999     0    25 
30 -9999  -9999   300 -9999 -9999 -9999   130    25 
30 -9999  -9999   600 -9999 -9999 -9999    65    30 
30 -9999  -9999   900 -9999 -9999 -9999    70    67 
30 -9999  -9999  2100 -9999 -9999 -9999    90   113 
30 -9999  -9999  2400 -9999 -9999 -9999   100   118 
#BRM00082571 1979 10 02 12 9999    8 usaf-ds3 usaf-ds3  -55000  -452670
10 -9999  85000 -9999 -9999 -9999 -9999   100    77 
10 -9999  70000 -9999 -9999 -9999 -9999   130   211 
31 -9999  -9999    82 -9999 -9999 -9999     0    20 
30 -9999  -9999   300 -9999 -9999 -9999   135    51 
30 -9999  -9999   600 -9999 -9999 -9999    30    72 
30 -9999  -9999   900 -9999 -9999 -9999    50    61 
30 -9999  -9999  2100 -9999 -9999 -9999   100   128 
30 -9999  -9999  2400 -9999 -9999 -9999   100   139 
#BRM00082571 1979 10 08 12 9999   10 usaf-ds3 usaf-ds3  -55000  -452670
10 -9999  85000 -9999 -9999 -9999 -9999   100   108 
10 -9999  70000 -9999 -9999 -9999 -9999     5    82 
10 -9999  50000 -9999 -9999 -9999 -9999   120    30 
31 -9999  -9999    82 -9999 -9999 -9999     0    25 
30 -9999  -9999   300 -9999 -9999 -9999   140    25 
30 -9999  -9999   600 -9999 -9999 -9999    30    46 
30 -9999  -9999   900 -9999 -9999 -9999    60    41 
30 -9999  -9999  2100 -9999 -9999 -9999   105   113 
30 -9999  -9999  2400 -9999 -9999 -9999   115    87 
30 -9999  -9999  6000 -9999 -9999 -9999    55    20 
#BRM00082571 1979 10 12 12 9999    6          usaf-ds3  -55000  -452670
31 -9999  -9999    82 -9999 -9999 -9999    50    25 
30 -9999  -9999   300 -9999 -9999 -9999    30    20 
30 -9999  -9999   600 -9999 -9999 -9999    15    30 
30 -9999  -9999   900 -9999 -9999 -9999    30    20 
30 -9999  -9999  2100 -9999 -9999 -9999   100   128 
30 -9999  -9999  2400 -9999 -9999 -9999   105   123 
#BRM00082571 1979 10 15 12 9999    3 usaf-ds3           -55000  -452670
10 -9999  85000 -9999 -9999 -9999 -9999    35    61 
10 -9999  70000 -9999 -9999 -9999 -9999    80    87 
10 -9999  40000 -9999 -9999 -9999 -9999   340    56 
#BRM00082571 1979 10 16 12 9999    6          usaf-ds3  -55000  -452670
31 -9999  -9999    82 -9999 -9999 -9999   270    15 
30 -9999  -9999   300 -9999 -9999 -9999   280    20 
30 -9999  -9999   600 -9999 -9999 -9999   340    36 
30 -9999  -9999   900 -9999 -9999 -9999   325    51 
30 -9999  -9999  2100 -9999 -9999 -9999   200    15 
30 -9999  -9999  2400 -9999 -9999 -9999   230    10 
#BRM00082571 1979 11 04 12 9999   10 usaf-ds3 usaf-ds3  -55000  -452670
10 -9999  85000 -9999 -9999 -9999 -9999   290    20 
10 -9999  70000 -9999 -9999 -9999 -9999   105    97 
10 -9999  50000 -9999 -9999 -9999 -9999   210    36 
10 -9999  40000 -9999 -9999 -9999 -9999    80    72 
31 -9999  -9999    82 -9999 -9999 -9999    50    30 
30 -9999  -9999   300 -9999 -9999 -9999    30    61 
30 -9999  -9999   600 -9999 -9999 -9999    10    97 
30 -9999  -9999   900 -9999 -9999 -9999   355    77 
30 -9999  -9999  2100 -9999 -9999 -9999    80    51 
30 -9999  -9999  2400 -9999 -9999 -9999    95   144 
#BRM00082571 1979 11 09 12 9999    9 usaf-ds3 usaf-ds3  -55000  -452670
10 -9999  85000 -9999 -9999 -9999 -9999    60    82 
10 -9999  70000 -9999 -9999 -9999 -9999   100    87 
31 -9999  -9999    82 -9999 -9999 -9999    50    36 
30 -9999  -9999   300 -9999 -9999 -9999    40    41 
30 -9999  -9999   600 -9999 -9999 -9999    60    56 
30 -9999  -9999   900 -9999 -9999 -9999    75    97 
30 -9999  -9999  2100 -9999 -9999 -9999    80   103 
30 -9999  -9999  2400 -9999 -9999 -9999    95   108 
30 -9999  -9999  4200 -9999 -9999 -9999    65    41 
#BRM00082571 1979 11 24 12 9999    6 usaf-ds3 usaf-ds3  -55000  -452670
10 -9999  85000 -9999 -9999 -9999 -9999   100    87 
10 -9999  70000 -9999 -9999 -9999 -9999   100   128 
31 -9999  -9999    82 -9999 -9999 -9999    50    20 
30 -9999  -9999   300 -9999 -9999 -9999    50    51 
30 -9999  -9999   600 -9999 -9999 -9999    50    51 
30 -9999  -9999  9000 -9999 -9999 -9999    60    61 
#BRM00082571 1979 12 07 12 9999    8 usaf-ds3 usaf-ds3  -55000  -452670
10 -9999  85000 -9999 -9999 -9999 -9999   175    30 
10 -9999  70000 -9999 -9999 -9999 -9999   115   149 
31 -9999  -9999    82 -9999 -9999 -9999     0    25 
30 -9999  -9999   300 -9999 -9999 -9999    10    36 
30 -9999  -9999   600 -9999 -9999 -9999    10    56 
30 -9999  -9999   900 -9999 -9999 -9999    25    87 
30 -9999  -9999  2100 -9999 -9999 -9999    80   103 
30 -9999  -9999  2400 -9999 -9999 -9999    95   103 
