# Adjustment tables for break between specific radiosonde types
# L. Haimberger, 19 Oct 2007
#
# First row=day
# Second row=night
TYPE MKIII-RS80
   10   20   30   50   70  100  150  200  250  300  400  500  700  850  925 1000
-99.9 -2.2 -1.6 -1.1 -0.7  0.0 -0.1 -0.1  0.2  0.3  0.2  0.2  0.2  0.1  0.0  0.0 
-99.9-99.9-99.9-99.9-99.9-99.9-99.9-99.9-99.9-99.9-99.9-99.9-99.9-99.9-99.9-99.9
TYPE MKIII-extrem-RS80
   10   20   30   50   70  100  150  200  250  300  400  500  700  850  925 1000
-99.9 -3.0 -2.2 -1.6 -1.1 -0.7  0.0 -0.1 -0.1  0.2  0.3  0.2  0.2  0.2  0.1  0.0 
-99.9-99.9-99.9-99.9-99.9-99.9-99.9-99.9-99.9-99.9-99.9-99.9-99.9-99.9-99.9-99.9